32074
39157
21485
47930
45239
20670
6613
43961
99826
96835
79814
956
20661
85594
4965
75367
24393
92919
97567
40197
90119
12583
11536
49297
81125
2233
33658
49590
84502
45199
28368
70187
42190
33751
49526
11077
79476
91481
71723
39542
53788
31403
5588
83828
9616
18538
67974
64307
49052
71621
17906
63569
83984
95882
43257
66512
82241
67582
69359
33090
7180
26610
79077
23969
59312
12505
11833
23157
61858
50384
56932
94386
88834
24458
58209
17086
63086
181
82570
60605
97583
54094
27099
40532
70732
32575
57311
18996
96335
75142
70028
91393
35168
59745
98739
18756
21294
41949
92712
30810
35326
45681
98605
41990
50676
14383
65754
49167
51251
46721
24733
96455
25766
80375
72122
68310
61667
74367
76283
76186
45501
50138
79241
9759
81459
86741
26957
80274
6451
37758
85013
31311
63496
22082
92035
72033
16794
62796
5448
74003
91633
80858
60016
36452
85391
33590
39728
40342
42658
76961
29620
69267
29097
11952
11543
83910
94921
10837
35827
47991
15349
25136
95129
66023
53372
50819
22748
25796
22945
28744
75158
67077
30959
57159
13880
15629
44589
56292
76135
78932
14544
57211
23675
62679
60039
12712
60004
75251
67323
37180
28073
53667
6734
77170
3912
46480
64741
77110
67297
5797
36386
48375
71560
37296
77371
33855
38131
43293
63508
71490
31817
17048
11447
63518
84089
59825
23774
28364
50213
80228
97499
78036
86196
99716
65630
66793
10724
71607
92609
26840
33962
44721
80497
41728
67791
81200
54417
73644
91426
77362
23337
15111
46686
73721
78149
80685
17771
72119
3424
4469
87278
77136
33863
88174
61931
77609
18165
48668
46992
27124
84066
33404
19220
63295
42677
40901
26135
84650
67074
69800
49695
1343
22802
71445
40980
76200
29430
94343
69869
34979
43062
48166
57434
33492
94997
98361
51393
96548
88090
37636
52750
62434
36784
20341
35124
95218
57716
78323
79060
85621
26694
2696
60760
53855
58268
46677
40109
32345
4960
2730
38239
90331
78822
39348
98382
61158
39538
72726
53683
12536
50484
55891
83640
97185
88974
91683
87632
79663
868
17192
18384
64447
52456
79703
59114
6356
54991
19664
18800
31287
48880
98209
4944
12287
54480
21422
34080
14868
41548
91671
58978
43891
50572
28524
73739
31617
75039
87556
85517
79754
27955
7502
64190
46570
30167
64474
6012
62295
25773
3063
70116
29790
82652
77978
11340
75346
76140
59273
76669
50546
53997
50655
74306
9756
76942
29061
19158
60565
25489
39314
88271
34424
31592
91750
23571
63075
52705
20360
98357
30256
37133
79390
44586
81121
58639
78123
24376
96593
2299
45667
26832
36339
47189
11137
38794
76810
50616
14536
89512
1976
15575
48682
82254
42134
70121
86631
74631
73843
88143
79057
13913
71705
87828
60338
41475
18222
14823
85503
71470
40280
99693
55011
26523
12682
23726
51389
62773
35507
62854
34790
10562
47778
30249
67925
83588
28073
61836
62545
93419
42983
74898
69815
57510
71963
84574
2563
64373
16876
55577
83949
46021
29767
79666
98525
34349
77411
25658
65656
22707
41586
94191
32643
52889
13248
8799
90091
6655
75631
76691
43068
8444
83902
44947
11675
26464
9044
55904
63699
64121
78610
21367
49029
78217
66089
43642
4693
18851
6228
52938
23260
39577
72800
50483
24607
3332
69287
22038
92563
19935
44458
20091
70736
45921
72054
66525
33529
10314
60419
77992
1415
93208
89932
91994
6155
82283
41126
48570
90255
69451
47738
33522
45789
62321
91919
63132
64382
7823
56372
53019
8909
71336
97026
40625
11217
76568
35650
56490
96775
52161
27898
39771
22536
88196
25764
60053
68488
16937
87755
23309
96351
92917
56672
31903
80817
33367
26271
75082
77047
48690
32679
3890
50141
54507
14012
66584
70997
34202
74092
98520
66288
39281
37765
16828
6329
23759
47541
66169
43158
85918
16145
34331
55759
93076
20160
12947
42126
66886
77944
6077
92821
71599
84714
96348
91618
29247
40956
4772
92379
19263
14043
88013
45389
78922
63099
67934
17383
27812
64423
77711
36245
86326
46230
77228
93599
2267
70396
63
81222
32375
4236
7173
41990
76759
61158
80620
49106
37766
99631
41887
436
96690
11605
56738
17204
44334
21600
6848
71070
56311
7715
78752
73723
78342
59455
57405
22352
9115
94990
38061
57054
70452
47458
98567
67819
96007
1397
39222
49129
10104
50411
23102
5610
37820
2475
22707
12090
42394
37626
10840
89969
5289
84940
43722
48702
10515
12215
68349
48971
52747
29716
36025
97756
92529
57457
76636
68667
55704
31072
65412
53104
11459
41786
11410
7905
7929
29087
58086
12928
49166
81414
85112
77191
38421
30590
70666
37373
76870
15383
29029
62523
36243
92679
12405
7145
64239
95853
70092
24632
67865
92765
6934
63928
93814
36656
10911
60941
54541
23339
1888
14974
6458
74414
87075
92682
5535
80516
91765
44443
40846
5785
43080
66282
67063
56978
78566
47509
81087
18316
51331
64596
21111
31204
51704
7879
71041
48229
74419
30772
72129
57129
55927
55392
56744
1011
35303
80324
52445
14204
91714
61020
61860
46254
15158
7437
28709
90104
25312
91179
61762
87113
21635
74153
74393
57314
46366
88815
4367
80577
25777
33991
45353
79271
70253
5124
46092
73640
52060
37622
39257
99277
13340
773
58345
92255
68736
14563
78903
62668
6205
36474
60285
13957
72881
85647
86228
38556
34531
7945
2367
88428
31380
35506
86488
90713
96980
61800
41071
60956
74472
1861
30372
78124
58934
65937
7701
30728
48512
94173
52563
38767
94287
41497
7283
74850
14401
99149
63853
42002
97819
36422
24859
26312
63093
18279
62152
13162
31513
41071
72866
23058
77437
11004
93891
21579
59102
39279
79192
47707
22559
62672
79267
17800
33774
66385
64147
78170
53062
64320
81642
49051
77091
2769
57624
57723
63294
64234
58682
5889
27521
71795
38956
38211
98065
63212
76479
36945
31271
23231
4952
98618
49294
4667
16107
7163
13425
10008
60028
83160
96215
89780
24960
62207
48142
39642
5196
84197
57715
32298
92272
24943
18083
55748
71226
20794
49300
97099
10087
98063
25920
172
6818
87196
56647
53398
95830
36952
31787
38640
68722
49697
49521
33725
18782
15882
28349
93918
13814
6394
35155
18013
4457
17900
40986
66374
92503
77427
2584
948
51302
88409
2669
34525
98249
3525
85078
13101
63182
72890
83167
78153
56639
8198
72938
74285
11153
31627
95820
56618
28167
58739
16551
27855
53594
71378
43345
32164
99495
99109
70635
85274
93175
31199
32735
66204
78154
77262
19511
57253
1263
41674
75431
44129
75640
34372
51901
50894
61299
40809
29531
36332
61980
71170
30318
99948
65126
77173
70475
76906
64981
16750
87935
53755
35249
31987
99736
30806
88069
64645
43935
82453
77542
29776
50994
58547
82697
47298
96615
80072
62455
54724
60799
63381
36648
67335
18945
50659
49969
71070
23961
40051
50690
65050
18204
21295
72485
85363
7085
69136
95097
11019
92510
41764
69665
60895
17698
55207
85344
59196
20771
91378
25772
71974
10406
77013
41664
37441
82270
96895
91364
81276
56603
40713
34408
32403
29600
45130
30372
94360
31432
77191
3286
91966
66649
73843
53604
20269
85607
61784
11646
97844
65297
50926
64087
28618
6188
37612
35505
73705
92598
52436
2331
14109
92676
46727
32086
90416
80314
64763
42518
20772
9118
44080
59844
15314
2051
6112
53675
49372
59727
95792
47825
80206
70284
63086
7570
13681
47177
40880
31671
37353
98227
48480
20597
66756
15920
20705
75095
41181
73227
84012
69946
85594
66743
81874
60943
59036
71822
67424
21739
2326
73244
66648
37500
35058
56361
74147
17885
47337
41827
33831
61445
44039
74370
77018
98376
43915
84937
37515
29835
16595
25961
80406
54528
39454
39121
88067
66540
33517
66727
49824
85517
54016
22744
47715
96649
1469
35986
46877
50390
68860
47753
68880
17490
7752
72707
7157
78293
83262
78858
26690
56369
82332
86214
97451
80982
19593
3607
73526
93228
1167
26115
25141
60312
92598
58636
30971
52922
85739
37030
41726
26630
16205
1510
65363
91412
68015
49661
82604
58158
10269
69267
57010
88881
58312
91071
2844
4156
79911
6556
75485
72336
87546
42664
28123
32426
21856
49631
92753
85297
87188
35138
86699
46187
59923
27461
41795
9263
37330
47923
82690
3810
37667
75527
19049
50565
44399
21634
69685
19020
70060
2892
42205
90006
95962
82603
66629
96544
87505
75932
72357
52123
35437
84508
31443
26726
51582
50626
13231
7319
65500
90556
30807
9126
9517
98207
50954
62849
6137
4771
56934
97133
70897
76311
78262
72495
1857
53098
35001
62775
25380
97337
56315
45184
86069
65230
28038
24414
34082
97106
69024
85842
64130
29251
64711
63637
91041
1237
52800
52465
78762
60870
11363
73814
99690
21370
11226
93421
74853
52227
6089
20386
19142
77491
99064
32469
49975
53948
45687
34866
52340
62017
88784
62686
13389
15300
90590
15476
30212
38934
93700
2413
9261
57756
79879
62903
44414
19515
66737
54666
21354
32497
93709
75808
36054
26272
98849
92877
84001
43905
72183
85843
13374
75387
69258
27249
17143
81056
4679
88573
39656
21948
78064
93456
14857
97417
74605
7604
6904
34836
18889
66403
40937
59016
59881
27859
1081
15829
94972
52404
68107
3302
47307
57432
48299
41344
27660
85906
6389
72490
44104
62323
35990
64377
14937
57380
60460
1438
77571
7490
44262
3122
80917
5996
84605
92859
98070
44944
35977
39768
17442
99638
66600
51815
4077
60079
77474
86310
37298
22387
39692
45989
42986
3936
41977
20594
22274
61252
91830
9407
54445
13650
68711
24171
40007
1430
41510
39696
33345
67649
43401
37177
1973
84460
12154
24652
41783
59760
98593
19178
39487
35742
2654
87463
7406
77796
71211
5637
19000
5446
37320
84926
11376
12292
51328
8698
14566
76742
86355
37170
26654
39313
63511
40314
4143
61383
78036
87405
23685
83309
28589
91814
76047
13721
24721
74891
11031
671
83735
11752
32995
86081
91195
37326
84719
91341
45581
5895
61432
8968
49665
52459
91687
56429
89914
18555
73825
96668
51075
3383
34025
13302
26695
62960
50504
30995
40415
28807
99556
99012
7006
10302
11159
47991
98038
51799
24675
44001
37894
18686
63355
39196
38257
64851
52664
9934
87365
65326
91818
24539
1464
63770
27204
11837
95740
68307
7428
58689
27137
34471
92621
31943
55736
78445
97753
59243
13781
82603
2735
36817
2007
51482
74563
19387
71402
62336
44354
67879
94656
78704
71333
46558
51593
44061
70109
38363
82080
67225
33857
96438
63631
15185
59772
16537
99053
75211
46405
59204
21033
96041
27227
1597
10216
93193
36483
66939
92605
31050
70782
6815
68706
92270
29803
60170
2208
55562
13995
94374
13617
59067
30343
98205
35764
53665
13330
15869
9256
78309
79709
47953
31177
14948
11452
64401
1629
26930
33006
20254
73984
90014
10372
7461
95536
94261
94574
31212
80885
3977
19078
91181
21874
43194
78782
75995
98057
50969
97676
57735
72532
65085
89124
57029
15339
22181
53912
78548
67054
42349
67374
31430
99269
61788
79020
28555
53577
2245
53268
92591
69372
44397
31437
37001
3952
98504
93299
61341
9645
1765
79772
4244
46313
88949
72883
24541
19313
25524
24825
43964
37234
22910
8655
56737
44052
52963
79539
23902
36663
63192
17783
74430
33670
7733
76636
64659
69361
80406
83099
14246
93107
96684
87645
49331
56919
77474
16196
76673
266
19593
4553
59809
43934
18959
21726
70784
47876
62384
11220
87584
89144
16848
44997
49514
36292
88672
76533
90572
91524
92606
14753
66194
32032
30757
53448
73680
45908
4255
70876
92532
47149
46313
2557
63513
61740
29400
59110
39141
93697
58801
23028
41265
12851
99847
87660
48582
61347
44776
48632
3864
62372
98464
29174
37922
94726
76604
5727
31111
14636
4904
5105
73380
18131
28804
17790
94797
63710
66296
31149
43348
72000
68315
35907
265
35339
95426
55841
60219
23214
61301
35952
1403
8077
47595
34199
53085
56552
74994
88604
91930
60762
4924
84046
19668
25166
14302
36557
75768
82496
18515
9130
34668
98315
85917
72178
41305
96960
40264
69800
21748
22782
59303
79879
8955
97959
70
52423
9315
22256
78249
88736
30843
89287
78322
65321
25691
14412
18903
76167
75417
41468
81818
21483
57962
54161
41934
30174
89957
56735
94430
86408
86672
20538
3982
31219
68163
31598
92309
25818
5629
87616
19968
25526
5604
62938
14329
92515
80005
91263
42601
60250
56624
73176
72722
568
8696
98183
83518
33044
70710
88190
82168
97516
17138
21466
52077
16871
48226
77634
95454
45666
99779
45355
4081
64076
41180
22685
50006
9844
79938
36936
49786
39421
62649
89404
33975
59503
56399
28013
72107
33085
2529
9125
89773
87250
40302
58726
41314
15489
11374
9233
69613
87571
68165
83060
11552
38629
15388
52476
88740
98005
72042
54163
42526
96355
5573
5856
65190
30522
70867
42709
49191
83015
60323
61621
94527
80276
78943
67868
4013
1061
82650
70859
41856
47414
59496
84687
41878
72754
90443
41975
43400
34444
74956
73099
21149
48278
47538
51393
41974
74569
37108
45952
89922
48961
16957
64706
42613
50418
21692
60575
2860
94050
28206
16397
64216
22047
19097
94784
82365
96900
50674
28567
51935
42229
8900
96745
70850
43974
44467
54633
54936
60600
20274
97198
74959
67749
32560
62545
13299
70589
40325
3218
92062
71457
55139
67994
85424
21581
40514
16537
23392
65447
45911
63743
20549
65505
73156
98804
51318
91918
51545
2621
70319
33455
24957
62456
96028
60047
6804
65486
72523
1119
79605
30329
42694
45425
67798
20198
33529
14427
74218
24858
19269
70994
40268
98389
39895
2985
41383
61628
62435
28942
66144
9545
83112
91729
38184
28144
41248
1037
54859
84811
75875
44626
3813
79588
67376
53985
94558
30626
99939
59916
80287
88086
12696
28378
58785
70072
10321
6110
84372
25251
66915
21335
46894
1530
29379
99436
5633
44211
26325
1533
57433
49292
77571
48614
38038
60467
75181
6950
12637
25573
98248
8804
7654
56557
9759
93809
45634
84927
84082
29769
32388
58609
47689
97098
89514
52470
16753
99136
7422
75244
60924
39291
33178
86138
5840
58431
72540
82582
29375
69811
3277
98961
96840
67022
81479
96475
65237
56671
61481
80036
48557
53913
86216
27454
46226
67264
21738
42626
79570
43585
12781
30839
40145
51197
86198
47597
12851
90376
20078
64299
40920
67507
27419
50828
15433
99177
13971
1146
43447
61864
36036
15916
30642
57166
67422
50227
24857
60578
84371
93626
60484
51255
6589
62456
77049
30719
20684
31875
71957
99072
38026
72305
54413
65788
83835
67156
57190
43435
67937
27492
86094
25240
16172
88709
52746
47606
50480
40815
13130
82470
34071
30390
17037
96792
69118
73895
10089
72303
26373
17175
37560
64859
11435
14744
52430
67443
30698
67386
32537
17929
84325
55741
29030
24881
70541
26472
16343
48810
38672
37957
20946
64983
85321
45035
21056
86013
47379
26263
66814
26085
50701
31673
62351
32255
32240
33766
14716
48995
50444
57245
95305
29437
18548
48003
82955
75150
82658
48115
89931
25525
42258
76193
80537
45834
77509
84740
57602
67613
90578
33486
23622
62534
84272
63510
26984
54034
81225
13296
42994
9154
66574
49807
11499
92240
16204
98920
46651
36429
64867
6622
99550
84925
78550
44114
74213
5948
89560
6785
48994
9767
81937
73085
65954
12222
56888
6414
93095
36657
60074
71954
75821
74924
69087
79415
1348
95964
81621
5750
56333
1325
7926
56528
72984
69358
88933
49642
22525
66652
45473
74752
55434
29298
27664
13783
69693
97310
99129
20202
50665
68204
39056
57150
92411
60393
24674
2971
54671
83970
62466
35754
90541
26632
90242
28470
81391
74618
13949
2346
57748
84482
819
76819
72789
83420
72358
67626
49017
87957
14386
98845
15264
47841
63848
23923
12926
21590
74707
32846
13756
51695
80346
75130
44878
77307
15395
84384
74464
47350
53175
99203
71256
48120
79181
73199
40469
26904
66203
23103
72346
58781
24815
31855
51795
75008
59138
53263
67783
4805
80132
76651
31294
52156
33462
77141
94331
38923
97315
57643
45222
7799
61937
98475
49440
84143
56231
64799
78763
40587
1730
19892
5000
86587
68613
82177
55612
20215
46444
43765
78348
9521
55021
54941
3689
87864
13804
63017
2185
49123
78070
70790
55287
7486
1057
55042
38853
14750
32693
12034
71157
5637
6098
85313
23208
17131
67176
89404
86710
57006
35382
77829
30652
13758
32512
37832
71425
10162
57640
65677
48388
19014
27831
48311
69579
84025
10412
99792
49882
46113
72890
95478
22093
91330
47884
70158
43826
78685
32407
40443
89549
93710
52480
43114
82331
27389
67725
85267
25760
98303
98579
17445
76251
81563
16733
20508
61963
42996
96144
66184
26281
25145
72913
48970
83903
37477
69036
43054
1747
26754
56057
2114
45889
28110
86325
75040
89242
14640
72700
49429
77668
44068
66694
23786
69161
63490
52511
95851
87697
51081
7982
12638
79869
93513
91238
43701
27146
99711
78288
88061
99320
83101
68993
39453
16315
55313
3427
6789
57425
89257
52529
24475
18632
23051
44570
64961
72970
23203
4912
92311
93391
29074
91215
41569
71991
49464
71543
65574
96124
915
99294
37318
56083
78962
46526
52775
90727
35911
86786
70403
75043
72855
32577
98515
79163
84481
34356
87544
26564
61523
99891
58467
74761
17223
6552
1413
87402
47519
18843
26958
61400
13117
42683
54093
58597
57518
37772
90838
38573
8131
21837
1169
74261
88251
34878
24553
28792
13139
46480
19299
52541
13654
64438
64193
9329
3173
79435
28983
69222
89924
55276
47487
18465
80468
26430
69388
42021
58236
56472
68290
20958
65105
49104
32908
10837
26740
70974
46881
43101
64455
82063
12022
38212
92336
87247
99854
81398
52691
52618
11681
48862
45010
73063
876
42885
73638
69608
61511
59113
16183
89362
90718
87035
80955
10522
29663
85747
85247
26596
69964
16246
86341
66604
7738
48853
49263
82661
75801
63291
98968
54709
44734
19656
5579
75659
86426
99730
57220
2385
70471
566
51961
31807
80625
76216
32802
87371
15511
43100
57063
25317
49968
33836
66194
26177
3245
40532
50620
97770
74354
41069
55213
30946
84362
32801
7504
70559
20496
23278
25674
14203
65759
78904
53486
58234
36052
32131
31832
65643
73532
22869
24481
11824
20232
25277
53893
72308
23610
28134
48663
91748
62951
25259
55057
87123
55004
82992
10512
91507
80245
47565
60406
51723
6539
5889
85188
64265
51374
70109
55827
1519
80383
81881
25522
25912
91385
38287
55927
91430
8971
6636
94579
47158
21611
18349
24335
31339
9158
47544
88521
19363
55459
18423
8242
51334
21329
40526
10053
72782
89579
32252
36772
9566
27283
9964
60307
40007
20636
51717
62831
65976
32262
6838
12537
23089
23252
66638
16861
89300
73673
1843
54722
72690
5054
65240
80383
44688
40042
58856
90655
68347
81143
50385
95228
34039
3915
93547
65200
38685
55357
50946
6333
15601
58312
39974
68645
38709
87199
76994
95162
56291
16395
65156
61644
92255
87559
33965
20245
60657
87475
87877
11013
19178
27951
91879
70725
19012
6194
49224
84097
67645
43854
6068
33976
2407
87036
9101
86797
8293
7798
76964
49217
39864
75984
23669
62092
62836
97224
11494
12388
11765
22089
56382
34073
69271
68641
15667
63636
40633
10043
24548
81097
38778
72661
16436
94709
58087
98864
83275
89504
93272
78302
36536
31097
42878
60500
42088
78171
53417
26753
91639
73806
68865
78218
75735
2823
58222
83982
67970
63203
47447
54344
11957
56494
16353
12460
99783
85858
3784
77833
56768
44074
77657
93529
49178
90035
55401
78773
97650
88684
471
89494
81213
91193
16067
54976
48235
31600
2213
23806
49910
19644
4894
80277
10154
82027
58695
25763
7049
18313
57219
18722
16378
66976
4470
38498
31408
78149
69442
36177
58283
76522
85303
68365
75473
94289
60853
9471
53393
30133
7037
61443
2851
79861
99625
69693
56692
37207
39983
4097
93559
76060
36551
51172
29466
95488
41828
35558
95067
30902
23243
70318
10088
36750
27714
97471
41833
16231
94094
9952
73321
15594
57591
33645
88492
72293
75951
36628
64830
6192
73574
66674
72402
6824
70955
65764
97374
10311
10974
89322
98570
55976
46829
81201
76796
4375
39145
79339
33569
27365
65983
65698
14982
62827
2173
56787
36634
98670
78412
52148
9688
99793
63829
92851
61358
98330
63918
24168
33422
97283
66455
96893
35070
50322
79885
64828
70675
24466
59145
13986
77970
3421
75630
28841
65669
61794
83973
42691
7324
23520
93182
3906
94269
51303
57762
91287
9710
22865
72071
18007
1561
42363
91758
67617
66419
40659
72047
57183
11506
32347
94383
79610
46832
58588
23701
70360
8562
933
35354
65820
83238
70564
74360
91765
44444
94611
13084
82131
61804
65354
27902
72384
1743
61956
61269
90930
1543
1985
29744
88802
59091
55944
45492
54410
44303
11267
61877
32105
75329
87506
15146
96684
58869
87222
5358
35594
609
44233
89778
77235
52541
89059
16273
49761
72355
84292
75977
97300
73987
74783
16832
47912
12444
18165
11374
71368
99418
2403
13439
82069
45341
44383
2694
10763
90913
51195
89939
22712
54888
142
68723
25964
67800
75864
3558
86660
24541
6965
71401
10040
90205
89332
93516
80244
82628
23095
42655
29046
65595
94868
41524
61685
79492
33514
49482
9327
54744
19671
99125
88913
82457
17959
59063
40285
51156
1008
9494
42004
93916
46745
21323
37530
63774
80615
98919
4055
84525
36379
35368
30566
39845
52771
43964
45299
8632
64727
78607
28373
47
95211
79584
24301
57622
88540
68767
99141
7836
3164
59493
78555
40523
1058
24512
98887
52766
37410
21541
23304
16709
11151
76973
23816
4239
86542
77258
86683
2462
73325
87686
92763
10988
48718
21636
7146
9810
36231
23175
91090
16935
70503
66078
7043
85961
67009
92881
73474
25162
1243
49001
96111
80432
54041
74184
75252
85137
56295
20450
21344
50282
47905
65429
31459
89160
10754
14084
80479
39585
79448
75126
66365
43778
41286
90429
93916
29561
74018
90973
42361
66343
45907
93107
32232
80043
91335
1054
55534
25719
67423
66659
84827
73653
15355
85606
60128
78395
10272
58864
88083
55026
69112
20463
1009
2034
60077
65403
92484
39398
60925
23884
50909
15375
24327
23887
60016
16484
17550
88690
63873
45833
5210
64342
65162
60947
88987
29653
22566
42937
19608
22728
1195
55632
94348
9810
90808
75432
85501
9604
72471
89045
31094
94813
53350
16801
10186
20243
1437
38967
38891
37355
59940
94580
18985
73722
3912
84206
16897
13484
7925
9568
80631
20441
12262
86179
96082
55473
67648
5010
91727
53453
29155
26692
45577
86006
7225
40116
22284
83965
96448
51827
33015
60441
3266
95839
4025
24526
42893
98606
5134
33053
82798
75395
19526
25281
11240
67832
39098
31806
98739
17247
79477
61902
63053
18602
72555
19967
21568
8266
99331
87313
7129
62007
81204
7068
97983
16776
91530
10286
51335
42618
92332
12762
8577
13043
68946
28331
16498
95086
49234
73621
70424
23025
82169
54127
30971
59943
66460
98215
7298
36268
57643
76761
37680
35070
87267
20883
43273
6723
19128
69576
17037
88222
4464
32137
64911
89427
70672
40573
41622
99453
28144
82098
69531
75698
6777
37519
26763
80592
5047
56490
95287
51031
98289
3921
32106
66051
62051
66968
41792
67374
17298
998
30711
14176
89803
48136
52985
75530
89541
44304
77723
27680
22072
38038
53888
71644
73047
9765
59767
11965
77954
36401
50721
22055
83748
70136
89219
60415
52202
26537
36222
63433
90616
28213
4687
2417
91409
34320
95918
29948
4518
15133
96036
88207
86560
97458
33464
64214
63002
73976
56250
19611
45767
4720
72358
42158
44417
43113
62041
99526
46890
74566
48797
80654
64367
85689
75308
66099
98186
99460
87873
77099
49129
81783
65622
11351
50160
54507
13930
38680
91076
31627
76306
37968
15126
27405
64828
28079
51725
39939
7640
85883
41899
6534
85504
38704
1696
89244
31729
50652
67043
55553
45371
97226
82193
2624
19979
46597
5066
86814
93822
42207
83712
4071
90304
80891
24259
31529
80397
65730
78089
4229
36217
90006
25575
14440
59224
99899
5768
99005
98216
26458
87830
99186
30034
66090
47703
40485
18855
66594
82302
36520
34557
25100
5912
3297
95407
83628
48055
19223
38388
5467
30681
13727
36638
31655
69544
29003
59796
70141
85900
79590
79315
2171
91852
18363
16752
54325
55006
98576
60022
16845
97707
7703
196
33932
15776
84338
14837
31356
16624
99745
2996
69347
38736
31516
75381
79313
21316
86296
72531
65953
36033
11386
32950
60923
22892
90795
94257
49170
13839
63124
54825
73574
46141
7403
45257
63141
60628
56577
78369
96812
63197
82158
80598
5810
97253
46126
90842
56333
83852
14443
31197
54758
50654
69115
19614
45123
89214
92262
54310
84298
7438
93397
67233
71809
24491
82185
25402
6602
40831
25424
53687
90330
69436
76398
38966
42614
8146
69549
86656
28931
51146
74364
14486
98341
36185
50805
35474
91841
75693
38080
41398
13831
59261
29028
71543
21349
185
22371
62265
94656
79490
93587
71780
65234
99550
85389
61761
19366
56592
61578
13317
81802
17222
68908
11621
15620
22778
68772
34644
20271
62498
79860
58393
6607
60944
90867
40077
87276
22396
2817
62625
55923
23375
11455
79994
99965
28873
54074
31629
20130
69418
64179
56266
31472
71682
10863
62100
50243
23256
55594
58855
56964
67526
65599
55867
34921
87957
81099
93064
32623
37832
11349
98451
41191
30226
15915
18375
59802
36387
32443
59229
67583
47504
67805
64373
65594
40795
94121
49570
64280
37865
51918
73270
65932
48050
86642
16630
58678
45566
7435
90896
13125
54593
33149
67202
23801
43229
40590
67103
99769
93847
6150
51589
72088
15909
16158
3907
49273
77684
36685
48307
20479
35911
22401
32462
41080
35323
10945
7478
94841
47079
64999
55662
80155
11386
1990
85768
40253
91825
68354
46379
78407
67504
12326
39629
53513
7885
76598
35244
75406
72022
96726
62079
52930
98518
13440
3111
87622
3216
66027
64894
3741
51113
85626
63568
67760
84528
27665
25715
1391
15910
32317
85364
62005
68446
62853
51359
23858
14295
8565
41184
61408
26167
9644
38709
49605
30895
99540
69310
9352
14119
75029
28765
47017
23882
75020
82120
27847
64631
56073
79041
15334
70623
88380
278
18023
44730
39682
91164
40972
42811
5650
29045
18677
46292
16651
408
20821
68426
71590
45875
42773
86801
80150
80682
56078
10671
85651
12792
54189
44902
43353
75255
96879
67257
97051
62324
54322
56542
92503
81158
7328
30462
37493
68404
39389
10401
42915
68529
30469
60352
99385
96941
46544
42120
5631
64231
766
67153
51639
62608
5107
71216
62970
31951
7880
44440
86944
31450
53906
98406
64318
45326
55753
44170
25364
17787
82418
64357
33690
6804
80060
62957
23952
15737
49054
7743
61896
97181
24022
97263
98751
27869
50863
15029
15221
33841
70881
65503
25388
65291
1748
90931
68826
11571
69352
97672
69387
16823
76137
50560
48896
94785
90049
67753
26352
67154
26255
89879
5098
23938
6592
85592
9057
49952
41860
65951
90800
53155
54715
12726
35070
40939
95986
5872
46634
82876
33096
1594
1714
53641
40798
48302
31318
61099
29810
63616
28787
62771
98772
55578
23924
85798
67875
72473
1863
41553
5017
57168
36321
71862
59689
35288
23871
59586
37354
82851
80840
95682
76298
77208
98075
47125
3488
37890
75455
86749
89187
8606
1387
29991
13288
257
77105
19739
98960
61412
25634
85083
94532
65427
82898
65778
63444
66360
67870
93018
95069
85650
95688
91546
6945
96229
33271
60017
92041
31116
22566
35465
15281
86377
14911
30772
98710
43258
40034
20604
63917
83730
75483
6439
33732
18803
75744
6583
25980
68560
27587
15590
94730
5952
445
74105
15089
96240
88825
9436
17566
66438
52131
24514
55154
71734
35692
42049
84910
14824
82076
7409
2465
42613
25570
52434
12623
65938
39251
27351
35091
5190
74527
94732
78954
37359
74366
24905
65180
72107
59325
93208
45132
80760
3569
3058
33740
15480
22836
4486
64343
76514
24408
54223
47968
18397
70769
27675
19134
6960
7846
47498
78432
72167
52184
72154
29318
3069
48376
35538
48493
22147
76766
99354
1854
21269
75073
18407
11306
68597
29079
48824
89627
38594
93797
90688
66612
66768
89183
86889
31871
7243
79849
18394
57952
72327
70747
80796
61363
39691
36425
19672
19888
2526
59773
15138
99469
30167
62427
63340
98235
22066
10200
55135
22799
12414
87761
13186
54491
83950
25777
14384
70263
53580
31796
50495
85543
59901
95070
31032
91119
67526
13676
54092
7973
20551
99056
49233
67669
16552
14304
55794
82457
63272
51844
86373
87169
36168
34657
67756
14717
99646
76144
40215
60771
82627
17064
25235
49297
39522
60947
98817
71887
26600
85677
81905
99624
30183
52650
10514
4886
73649
30447
4067
51164
69881
55326
41138
21907
24787
59352
5829
29578
69099
6593
73271
52961
69304
55909
15482
5424
12745
78276
36752
60495
40202
32202
38118
44925
99887
25416
34459
81833
10771
21876
68673
26381
48675
38962
59602
93382
72353
89770
97621
72239
23621
34958
42686
28093
89410
62041
24133
96071
39938
8147
89398
48294
67231
9554
78592
82767
97751
10278
65248
48101
48461
95427
24961
5748
75345
21826
11533
4015
36802
73322
96036
70426
23603
56062
17318
94455
49956
21685
92225
90103
48577
62571
76901
64213
61265
75916
83226
65501
6256
1114
26841
52576
37626
29719
91914
32001
7502
45540
77008
71479
90644
72378
31632
90045
64161
90964
49360
34472
39216
53263
93094
13324
70431
758
55383
83765
67606
60426
43996
85084
53857
61804
6526
62821
80401
26560
64470
90894
32842
10711
46441
91848
15560
95719
6648
12561
59531
6865
61064
8307
98528
45497
66227
2312
63205
67947
79652
3697
48566
5001
3140
18237
5639
90339
85219
26141
40601
94819
73089
71616
68790
58790
44127
14152
73171
18578
36865
51308
8483
47969
2066
23097
54648
9444
4505
19429
64504
30468
51565
37155
1840
78594
27277
25000
41817
41104
95867
39796
52707
84815
63948
81808
77344
78431
83412
76873
68490
11451
17904
94141
72138
34593
30878
49436
90774
95778
52389
17240
71117
32862
12962
2419
90491
54424
35132
35727
1605
3743
76867
21541
99023
23500
86392
57210
82658
50293
27254
76217
69797
46454
1812
51677
85660
24246
8812
51708
21282
92822
11022
65135
11476
77273
51087
97977
12225
90859
15824
87898
28914
50953
72868
3529
95698
32322
15477
88104
59110
70622
25490
76386
40232
3734
71558
42338
6429
63418
8493
21038
75652
70835
97267
38521
24813
26287
42650
7797
32282
18744
20290
14135
90831
54142
38045
55539
26426
53085
50784
95332
14906
91769
87914
39328
57011
44317
19352
42108
82608
78003
83875
94235
8996
52213
38919
45755
5169
34081
86137
91592
92925
5851
13921
97095
1894
87372
46816
75193
87780
13471
20124
89669
81787
56010
816
67808
3454
41569
17735
29300
79240
84331
5843
25537
87534
57568
6559
66655
27052
97872
55661
80945
9141
96105
41694
9322
81751
13166
93316
41494
21595
81043
24157
27575
23231
4979
68248
66667
63055
15776
99092
3672
10617
79886
85233
99814
74046
8233
90490
61824
48666
21430
15573
71816
24785
1715
56857
3585
11843
42538
37529
24106
80000
60976
60898
23955
23864
41907
10699
74817
31279
3249
12437
31808
57144
64140
83521
78034
40323
81744
94530
55283
41760
27797
94775
43751
976
35151
12340
54355
21911
81680
65484
35276
53560
82396
10702
36627
22792
10689
46892
34027
72202
8740
87048
56798
59947
66331
10509
94412
48571
41831
73803
96493
85247
80182
93009
25188
55163
61018
37394
29913
56445
10157
59513
34319
58130
72887
21227
10154
81715
67609
2584
55648
43810
84843
90360
74766
54422
51141
8338
64120
19813
47352
75653
77234
95691
79332
59613
12890
23124
86141
88420
34248
15218
50098
55722
54942
65171
79051
2804
3379
3805
76505
9419
86956
68693
85968
51814
8618
25796
76649
96435
32025
36896
5233
36977
62702
92775
63652
5526
76476
60002
2429
34251
58518
95630
68722
16267
25008
7853
3166
15519
12020
87284
32407
68432
50688
85717
25980
49728
85914
48481
7573
29442
49620
99611
55551
43620
1931
37958
560
66952
24947
58961
77982
32841
25155
58536
53547
82225
5738
60964
8437
93905
51979
23825
33553
6649
51878
33317
69546
22911
79350
41809
63501
89260
49833
55565
72164
72906
16650
97030
45842
94158
37507
97086
59795
24094
91179
79641
57478
60443
37295
29853
27867
75616
27553
94918
16202
91056
70517
97744
81262
17886
23150
96738
41259
74512
44284
42207
40091
50367
97488
478
44072
64492
60966
55739
80567
38942
37484
13227
86889
35853
73475
22068
90902
87134
77190
49540
37784
76380
2375
39228
82188
6005
24148
70026
25865
13840
12620
36963
10991
48417
47518
12803
2875
84067
13334
54560
5093
18220
47358
91399
64888
92314
3165
30117
67238
55567
22439
22009
33815
74369
46557
88140
45078
69685
97561
48541
11306
37889
94618
19185
22277
44411
85194
4045
69914
16117
94321
14931
54279
53161
43240
67288
50076
17570
50858
71075
25192
4511
78518
3386
50292
41423
788
47532
14314
61980
55501
89317
65944
49346
73843
72002
90839
88633
73901
19745
12628
29474
86088
6903
68415
30927
58010
46631
52268
16710
71305
51067
2803
8790
9037
78377
75606
14643
20832
81569
30675
93827
87699
73394
89425
3433
59568
9552
64753
88991
41943
82570
93052
80991
94007
9184
26204
37697
32197
74416
43361
4987
76365
10257
96344
85758
29695
97539
60659
67925
13388
72065
46050
81907
94097
24220
79339
42241
933
26082
32120
22494
49355
34225
32048
65961
35962
82394
40108
77050
66660
13337
30389
61260
33550
58431
59625
20524
2744
3538
6817
31839
78660
3395
87891
34452
86215
69523
4667
51312
67362
23227
523
9993
19004
77686
15294
34765
81399
61390
2260
55766
22058
40418
57846
65261
65175
80541
45133
83760
86410
47793
26754
96933
58959
87335
49547
16138
65217
51974
21033
54038
46592
65822
49305
2577
68830
14638
54352
91331
96762
30191
79150
76845
97881
35132
84268
85633
20746
20272
61456
83744
35625
46002
63646
93684
59924
5132
27117
2010
46857
89788
31643
46555
76843
49541
77788
58960
58292
67832
25991
39412
2260
83449
86906
47395
34717
4460
43310
18569
58729
4697
18085
23346
95754
47717
60043
96830
99011
85952
80901
88191
56011
55276
44138
86042
14381
6241
62862
95099
604
54327
64393
8083
95445
13363
70896
59105
67238
23966
16651
54567
11810
55197
62022
47858
2215
8380
24783
38175
99786
71916
2879
82442
14660
7850
169
76971
15496
24620
11963
54717
53951
28831
48664
59264
49065
97501
51652
41
31030
3536
3572
46171
99231
90034
62450
75886
63810
14888
2415
9241
20279
46783
77237
13034
27774
58735
82915
74247
27763
16717
57992
67970
92173
75211
76711
44544
18568
17062
58806
85801
60509
4064
45814
74893
18801
38656
93097
54210
33960
65051
93435
90686
56306
16737
60218
51580
76281
87022
38426
429
46960
3183
71254
54922
49614
7786
24055
89789
56842
83432
23822
86139
72867
89595
48302
2601
99574
3677
73357
31630
27304
59624
94317
96608
59080
82121
69739
41464
95165
51328
54215
46557
30527
47865
17571
37012
68542
28093
21169
74556
69139
7312
55073
92222
98843
46346
45291
93694
87868
63699
83023
73433
58780
18703
93754
52565
55442
20726
27728
69352
63892
96165
23745
51018
60059
48570
67869
41810
93456
35775
16352
79231
61456
17262
74404
39775
96964
18196
31181
67779
70990
40250
54425
48502
64379
43563
58729
7622
96292
47312
98916
38697
28069
155
84341
93698
96382
72493
96647
25079
49258
50715
84535
45964
44002
63322
38716
16052
63908
171
27920
41789
12833
67694
1988
71895
95492
71996
70571
53653
85698
56409
54087
64800
24156
99359
14404
62523
18786
63506
21499
66247
41259
38579
95992
67152
14304
73831
44120
95191
15074
66713
91445
73231
66895
27399
33155
58911
7525
81480
90483
88480
19559
47285
48812
6185
93255
11112
55049
90344
17266
22203
57539
87100
46397
79157
35396
12410
47835
17133
5034
6547
9752
87391
73545
27814
7243
12730
69058
97952
40142
24759
46490
15961
65998
19632
81557
23705
96978
16766
97442
99380
52829
49779
68768
53574
29550
11884
65256
4847
39
67950
56651
51290
8803
92394
30381
19144
13702
88015
47637
74174
16190
18531
2662
14373
67766
40615
1037
90977
77541
52904
63980
49069
50698
74845
5277
42287
17454
29427
48729
25715
31539
69945
93850
46168
39303
1146
76868
31067
2359
80530
35889
450
71852
7231
28090
56952
20909
50503
22991
54255
38325
46722
84029
66913
86638
54547
75642
65587
68549
14427
34698
8986
94055
58409
35520
85750
63171
21906
97737
23055
41975
50239
75207
71428
72327
97635
37023
19964
37569
88147
52519
8752
63156
24441
71126
41578
24994
87696
5185
52508
16650
87791
21337
18480
30459
16573
23273
23062
67784
6657
12179
68048
26090
81158
38926
90823
35567
59692
67245
30803
45573
21538
30592
78134
63135
96978
50997
84069
90779
77233
80343
10868
38154
21425
16150
90659
71839
74256
3705
40007
91052
42679
12750
62925
75080
18563
76429
40083
94949
98617
8266
46769
6747
72632
73641
21866
21245
26653
84207
7101
83582
62948
99882
72771
43073
39556
44642
89171
85770
34589
94541
4863
24345
36118
6627
93367
9915
39315
31532
11022
93711
57389
46182
45206
44244
19725
87365
25488
88350
27493
42840
11089
26149
98789
54937
29457
37903
30829
78432
38927
52173
54439
64108
6949
35608
76022
36819
56136
46744
21544
26494
22918
40177
98475
73891
67515
67781
93714
87456
7130
69457
22712
37656
93538
87734
22922
24611
2895
89826
999
25627
64961
25950
65754
9602
6578
29890
38356
88979
41334
29361
26743
28033
18391
74219
42235
90152
41065
49466
16819
42589
34802
35741
8731
98235
20557
8467
12358
4846
19406
49269
381
20408
17914
9361
40108
20473
56946
33690
63590
92213
74536
26282
18933
10073
32900
29104
12278
76181
34528
18905
43027
96106
66335
47415
67998
51468
95459
33601
35991
25528
3797
42982
60209
65133
38794
85318
63794
81903
80557
10073
47871
46748
70235
77989
97445
10263
25004
21075
30571
42507
9249
99403
74163
1668
58230
22875
23043
20896
26474
42866
22977
55676
47951
99389
44760
5905
22767
55497
54980
41373
4140
69055
52523
27933
71586
96753
49878
11023
91733
20479
70387
29252
35294
89680
72551
48496
38385
5735
65664
11090
5876
78215
27822
43334
28998
69276
49919
59822
36770
18294
9506
12717
57620
38273
10733
51050
97895
80021
88998
79258
39979
28140
76548
38716
48838
16243
26313
64983
69589
21837
10924
32997
50865
28399
3952
60527
45915
19121
87324
76650
48844
46623
51409
66162
66769
52981
2547
9310
60168
92288
65872
46548
93992
55474
55618
58446
31862
96024
14434
53371
64519
52078
13972
21172
88967
80471
62797
44680
93458
46831
78083
7931
47580
81506
89333
93568
31892
98288
71981
90393
6530
44669
9792
52535
41002
7022
7053
52166
6429
5517
51256
78032
54000
42347
79947
58049
95809
165
56079
51918
20244
21505
36193
66894
21514
19003
95617
41404
37642
29947
56434
78762
22253
23414
9544
46730
24536
98629
30739
5636
62806
76
27517
88493
83497
94261
22387
85244
72784
31632
94495
1434
33213
33606
48403
74134
40993
99831
35876
97080
3838
19925
57973
90132
47385
40858
60348
57079
90292
72351
27528
61796
64585
11284
79484
91546
17426
96067
37670
27735
44297
49326
7522
43681
40549
95225
43042
96070
42588
81177
17386
15117
95905
32735
34991
41371
52071
80628
87364
67448
3030
98504
93637
54386
31055
95955
38240
43799
86069
88532
17017
71670
27270
63697
11303
64097
63087
34444
70591
44408
32184
87358
73070
57422
41891
87002
65463
49519
20031
24151
73105
54695
27315
26253
34261
96576
74703
28109
94398
22834
20481
8928
68897
60362
70583
81916
47145
31909
17651
62643
24583
91540
76070
8934
59626
82572
84307
21309
98890
40817
5145
27033
51903
3608
6944
14215
17545
78122
10992
81038
62986
55055
83483
17093
51166
16954
80747
3492
94113
13834
8965
52584
61975
77580
99759
60451
73612
93117
83775
91557
34050
44915
98900
14556
82220
19240
99045
97902
8725
36043
23148
1809
88980
97680
69493
22787
89090
13509
29546
70866
39142
83017
83891
72546
81598
43963
30138
66555
73997
4325
65843
10066
76615
34090
26171
33720
83794
33808
56920
23914
12906
52808
3579
59677
6278
85644
92440
69307
33935
457
66540
90621
87244
96492
64751
78145
46096
2801
75271
55689
27852
227
73300
49949
28802
47075
22137
27339
786
18616
1893
46141
46574
17610
76743
56584
26641
37139
91522
26699
86059
27606
62776
14121
49871
73942
73270
69411
35147
89995
9592
44463
42137
96903
18504
84926
70603
51761
77818
33731
71265
51791
43343
16171
85970
67443
11066
37379
47657
97433
92959
44855
93354
48310
35261
3044
36293
61433
77638
58919
10706
68269
20476
29453
37314
65317
22511
43620
75336
38937
90110
74051
27122
72413
82507
47934
77795
79532
96844
63618
23712
90134
86488
6779
73949
35649
51196
43868
71793
85375
1438
63776
50349
59489
99076
48259
90188
23407
52031
26320
61636
77711
56494
4194
97910
61674
36492
32937
72086
42683
36437
61292
45650
15259
25883
13833
97868
65351
33421
21842
36646
94529
92136
54394
97104
96609
43074
69900
88471
80149
69541
63286
38148
33543
95813
264
19805
8450
26380
96985
48229
85137
12019
30815
45349
59868
94476
27506
4568
75125
20164
28036
61285
43452
9330
31282
95674
52637
81442
28513
73867
2072
11431
22490
58462
55976
14022
52205
20856
86800
78999
60204
69826
53406
56949
47504
77065
23838
62986
68052
42566
80805
10070
44783
39906
87255
37543
27366
8899
98730
5366
74423
13326
13650
92763
57255
26050
79169
38781
1793
85030
16890
42725
80140
27418
31723
61795
32635
91391
23696
65379
23411
20047
58253
9794
91160
924
31156
99323
12180
27088
71961
51591
1074
1286
39926
216
4133
46672
24059
88915
64496
28105
88895
59650
15176
76139
444
2247
89910
23016
50897
28194
88561
27219
95578
2146
26518
57127
3298
13414
18445
62939
28930
39749
24603
71847
75256
83341
69631
83010
91578
85567
5465
28374
28508
44991
19235
65811
80750
98490
40081
98662
29726
44565
28545
41416
49988
41669
70427
13990
94410
39824
8577
26756
25165
94415
53642
64301
96890
76258
37535
3246
77167
2075
7691
16259
69549
1064
39715
10724
80269
23650
1756
97235
33000
83114
56264
7656
29724
87877
59443
5979
68794
35374
66177
55665
50403
20557
59012
41334
91047
65705
33559
39507
20929
34791
49415
30142
25038
57319
78126
97629
18924
2018
45761
75618
18534
63261
67770
2006
75422
49650
85589
337
11611
11908
74960
50486
68900
72258
1464
26963
60148
40106
43336
36922
42659
59714
48365
38895
10533
67687
66954
16368
62828
106
91230
75253
95402
44346
38868
55728
14218
74486
91538
20631
62713
44121
89265
35888
6053
60161
34062
14828
50145
99686
59136
10951
31422
74417
10196
20315
53711
13503
31386
27244
5461
55680
79427
47792
72665
82699
5528
67440
62173
40856
20833
38171
49758
91440
10885
43988
33352
30434
62201
29615
75780
79729
23233
20814
45747
88464
92221
23567
32692
676
77213
62131
52963
59022
53652
44728
99153
16984
62258
27494
89276
48184
77614
92065
92592
94330
55518
1958
98559
14311
61281
1374
61797
73021
53189
83939
13616
94838
46335
40878
98097
18596
27401
7296
74251
90350
50777
99280
22099
33797
81443
77202
37211
73227
81247
36438
21541
13837
23888
41611
60576
33293
95354
43263
11669
14847
24286
3242
92463
65490
42194
41031
15766
34495
3109
31222
41054
98135
98365
30279
30336
93994
13286
8938
32532
88693
9536
53494
39872
71155
31670
12848
91496
82202
48930
41378
4432
42348
99634
60361
72842
81834
90667
71757
6176
8865
15915
59556
87591
69885
20620
93473
63031
59910
26407
31421
57468
6725
27913
63433
11612
91319
49666
26956
74693
91867
93088
96187
96403
84849
5947
97778
63591
11213
53971
66366
2696
17886
66789
41355
98521
56151
73143
16653
41
73925
61610
43083
25831
12341
50374
21474
53713
82880
88334
6908
33420
11141
87997
40968
88777
12233
24769
12184
25659
49752
3123
65660
43494
13412
1924
95929
24205
85508
98203
82694
90792
18453
70678
91027
79305
88155
51505
26757
42389
61450
38418
27490
18202
70270
12096
7582
21414
89352
14733
82978
58345
61524
94330
79163
98437
95322
69637
73354
77384
44680
10177
58441
90752
98635
64234
19869
39060
18910
54853
56578
79367
11801
45148
53264
15284
93880
66381
76094
94579
94688
67438
22496
40086
99684
68590
69292
98829
33513
89578
34101
67397
83049
33418
37880
86199
84384
79021
52858
53933
74058
70184
76190
14934
60534
82749
50322
85623
15265
16900
43266
33092
58933
4
7141
82908
50680
28841
12123
93263
91969
49552
18536
65353
29707
23427
87151
52793
89483
53890
86394
90630
11401
70394
4252
57024
90795
90573
48914
24032
29777
41206
82456
65608
8774
1728
29788
23301
36690
90612
93385
25879
15703
86645
2996
77569
40312
18670
4887
31883
8518
39716
25169
52104
91687
38150
35849
77398
78974
57965
23720
78329
24049
41107
36952
71833
43885
42388
92577
21279
2171
80880
39243
66208
29591
96676
70078
54247
56023
68199
37637
59306
38375
96435
31095
53915
67583
41179
68491
55503
87430
14189
83162
20035
16124
63797
3964
4899
59431
43576
43492
40456
68955
60952
87000
89045
97108
5257
61375
79872
3017
8500
74848
99813
88932
16142
51780
31913
18223
84524
34689
95300
53241
33445
84222
86571
13382
752
76170
35969
74443
86478
87940
34842
17600
20002
651
69520
12341
15394
36382
32382
52970
92137
56523
58668
13399
89588
16272
69518
6304
34717
24
14957
20410
50840
7956
89189
90315
75732
35144
21882
6794
95541
90430
10299
43809
10503
81208
37130
96651
79551
95048
39649
60786
15815
84645
39005
16282
17863
85907
1869
39722
99398
63437
89103
30714
84380
45349
78783
20339
36580
80391
62
1422
20733
71074
51130
96050
58495
76998
17643
88194
55673
2548
75028
84308
91150
48030
68830
99727
5632
94237
64234
75660
96587
75459
67012
32577
42839
98356
64709
22138
92227
11629
72516
3894
7412
6287
47205
32267
8886
84150
91625
86118
94356
67823
69874
37579
91067
39036
65364
83891
17802
30233
41894
98696
87057
78116
94939
49222
65498
58699
99414
8071
50516
82750
3793
20760
98383
76090
4247
16452
10091
25967
51957
56404
2831
13190
97879
44196
21532
8111
24746
21291
52908
17431
54679
23720
14757
46140
22845
53912
75827
58770
86518
95163
75280
81321
30057
51414
49570
13076
13044
55510
65534
32871
34754
12224
73468
50542
72232
70108
55725
64221
194
15862
30842
5323
91817
16941
86523
78173
3057
63867
12007
17514
712
3949
77967
27066
9868
11774
51390
13125
28062
21275
25389
23007
37310
79852
1727
44021
41933
83403
38255
61023
63030
64536
8621
9234
32834
37942
24588
21432
36928
16000
29074
8710
86702
811
45172
88120
69268
25329
41957
24247
33535
15689
23766
41390
22628
4313
75029
82558
47661
88451
44256
89997
2295
92795
56492
33139
75312
56271
97237
43024
25727
90524
28610
48082
17391
40937
94712
1360
94987
25750
8327
50381
21318
68020
47205
6189
85492
77597
64219
32579
91336
75871
64598
98973
94235
88672
76325
29662
84510
96775
27585
91810
51748
83092
12134
13643
65577
28133
81626
18581
97281
5364
61915
46112
48339
7745
46754
83011
70601
93321
52016
67913
67272
62351
67857
89708
45084
83432
18429
25114
23611
14105
15512
97982
2203
96528
95248
70845
89191
90523
36166
56459
79201
9972
4468
33387
45510
31444
85747
70437
10552
3524
59182
24893
38581
37610
19420
3972
80649
7741
12786
33703
77883
30096
46786
47116
43898
36194
58208
16464
98455
31381
62374
21611
82976
12799
89031
80711
77953
93125
70448
20611
18658
96386
8934
46480
53425
26081
55895
94609
71794
62660
31222
31617
38327
28814
98308
60358
30891
82404
9815
76344
40015
11880
51111
5995
86817
89379
74492
97707
49589
95148
79486
25296
16719
79044
38798
76567
82092
38814
94451
14653
23548
50958
39905
66878
13690
45729
10551
12832
50937
45743
68516
84939
17137
33092
3790
7
6447
3320
56291
36761
62969
60751
31311
28191
40242
96322
64004
21959
85334
48466
6615
44063
32671
29042
22178
41284
81164
18213
90097
16856
3222
84794
94792
76317
36101
74112
35732
7693
26541
321
2551
61591
91506
98734
18689
81002
89317
49686
81160
29685
88724
37348
91536
57952
1802
92335
63467
17175
66820
89582
61699
30887
96298
27062
94739
79917
46613
92980
3844
95951
12282
97308
34750
47168
10342
80524
73385
75601
45688
57970
35371
71140
59099
55251
76402
17939
31859
58572
63210
41388
22696
58267
50415
75342
30606
80351
82978
4649
34846
31109
5716
88273
31938
59109
12157
76846
41421
32863
18504
56307
44775
38992
15581
52240
46230
29963
33567
63809
95793
89578
96455
91609
68387
41698
75696
77448
51764
21440
40261
86323
94473
94574
77064
3532
72134
37237
76941
29764
39070
79476
79173
83079
73744
62426
38226
85161
89532
10636
41947
67111
31929
39762
85879
6847
78652
93930
55285
64176
61005
25792
15750
71201
15574
81086
1959
90129
50477
78239
37047
80550
6630
29241
46346
64844
82651
23621
89233
16861
27056
77338
28480
94596
42319
72748
28189
82628
19386
66529
80793
14066
8112
50367
23406
80850
46055
42839
37178
57078
30643
7555
143
83968
12798
30171
57321
83972
9407
89309
5361
91179
50447
23571
41423
72781
94751
24385
98501
29790
19520
7857
71135
96390
9368
33561
93311
47065
43479
8294
17978
43750
40895
7013
35548
62548
8297
69480
27137
40767
21157
43699
24750
60087
80950
61767
41904
41050
3321
46007
99064
85876
89183
83262
38235
24663
73515
48732
85705
20590
35722
69368
25694
55054
55440
5130
48114
62840
79770
54204
99840
15463
44664
47294
59067
52059
30369
43200
59096
57864
47862
36832
98367
6979
21084
59750
98180
96372
60996
41847
28426
41976
3087
48021
83670
22767
98519
11913
72455
41765
14292
90334
55643
92520
58840
91053
57823
64459
49983
76837
72977
78257
28800
75278
39266
45654
58084
70724
35574
63321
56147
93977
30698
45091
60203
59941
85926
46405
43195
86441
58677
56103
99223
154
72661
60882
97929
75261
83799
92056
63542
77923
47089
19289
79511
24902
53905
98324
35537
19663
69938
81377
29993
74775
24753
21495
45874
45013
37179
90254
51927
11684
97620
98716
97770
22703
40559
3493
82954
51857
45349
76295
38203
87604
76611
29724
36491
67589
7193
15840
66320
71119
10301
33257
82931
46115
12530
85192
22172
26653
91915
29151
26539
51153
7426
22026
11405
60650
65321
7193
60075
74090
2256
86537
43359
24649
40129
51505
49032
35981
30194
96170
7447
51454
44467
43207
33832
58816
62362
33868
11618
41122
60931
21359
8110
23542
82813
99394
92275
27572
51725
24698
63400
66216
48194
44938
41927
9210
2889
74338
83902
62450
48741
62066
22965
88484
6092
9885
31243
95237
69652
67645
77787
51507
20208
55049
92944
96696
64611
33224
66014
5634
99619
84799
70252
87438
29198
66851
2874
89456
91862
28319
27709
66310
25562
28089
38954
6859
60764
49041
44666
7228
49835
89343
16046
57821
6339
84198
62285
78614
2484
44505
76595
6289
18992
56462
25134
15493
76789
93041
73126
52649
89137
48162
78554
14619
748
96441
95670
30660
97877
18544
86182
47148
74418
79624
90329
10113
42653
2677
20821
64533
58370
14325
98352
49386
68585
74042
26472
79650
84174
503
28818
48853
30255
37326
83594
39690
52723
48614
21687
23915
3579
78464
85096
88025
33396
97552
70232
1089
94393
37665
94090
36165
97737
34403
12953
42192
48240
37894
25441
73529
14491
93454
50740
26591
70613
84016
92606
36186
74870
21628
54393
98730
27496
24320
63359
98009
31047
54128
79070
44951
22926
96532
2181
87738
99538
34762
70516
33426
24221
29137
6618
87734
8428
63793
59016
65403
35476
77046
87098
69844
5113
10491
17872
1285
24125
11505
86633
53669
8633
25196
47338
43431
11898
6761
55467
46342
34206
37577
89222
15682
84023
45142
84505
90365
83699
29548
96788
74194
16171
34355
8986
78346
80502
73035
47704
73646
3630
30813
71778
50464
63932
85257
60211
4603
620
63882
37080
74135
35933
58724
55096
17138
13702
95530
9720
50155
3447
61814
6955
79573
34936
45886
73733
38275
99036
63381
29887
92776
94614
69704
72874
49539
99157
64992
27902
83269
47619
46591
70423
3004
42756
41613
35639
92550
69091
40044
49028
19566
28251
64661
34539
28063
83534
90954
4196
13633
46126
28177
7351
17323
92818
39783
36610
23450
32806
34163
956
5433
57184
74773
38505
81316
72106
78752
3305
42196
6656
84328
32815
65497
84100
47408
9470
75318
49690
35768
1757
12079
1775
94313
80470
4790
49830
55066
46848
37542
59214
50151
58541
44526
89791
91627
26227
57822
23827
82470
27545
59566
62932
96291
91347
84231
13560
48654
13318
28914
91234
17994
53848
18496
48094
26968
8713
52504
77057
54521
44172
4413
48833
15074
9898
81346
58511
74899
97660
58265
87409
73550
61767
52362
98730
14319
5481
9561
66334
45217
34193
34595
98077
51284
65151
85685
55337
90478
87581
18466
42750
65774
53599
6295
70958
76589
61743
98281
15818
15230
21635
14907
8284
23670
65964
3500
78170
81071
32440
65964
34541
39799
51967
29760
6236
13838
29143
16706
81883
49602
19901
78725
20881
86952
68875
84343
3450
42423
10315
33537
21128
65434
9346
16005
40868
89697
31006
69061
47222
91650
36673
89684
17546
40474
55313
27613
94129
73049
27265
49355
91475
51473
28788
10832
590
94008
904
1197
52362
78986
68567
12910
99388
42352
96778
71687
2741
34916
6661
44751
13139
17079
97455
25485
73849
39916
30737
86109
16542
39924
65204
37792
25958
17316
31650
7023
82911
45850
91944
60935
49803
31550
5440
55314
64511
87884
82237
54819
87089
63646
29635
81332
99168
20917
39494
23599
70793
1903
82039
18754
3435
72575
5274
49801
74350
71519
21215
37324
19080
86654
26014
34997
85453
99953
92023
17095
87367
19391
27623
72146
85849
41735
53308
4113
9544
62641
75014
88750
65683
33433
21896
97232
76549
53483
12841
63376
40017
82418
84416
71234
40435
17838
26184
9707
59680
96721
87885
47300
24868
97244
23162
56358
68385
77772
69963
80918
44070
90977
29519
62794
25056
27566
65446
41719
30408
86202
54149
64538
33239
29690
9529
84052
16140
37096
8458
16697
12217
73992
63584
86297
64401
86642
2604
17287
10673
73598
25559
93253
71369
56071
4206
25934
22818
52554
5824
17466
60371
26241
90004
23570
37012
31774
7574
10781
8579
53684
59928
94991
89792
63059
11475
62571
45778
28809
38966
51538
36210
68838
91174
33224
77914
61100
28901
38695
31626
55419
19610
80628
83684
27485
5069
41662
87068
11802
12024
27236
23035
61088
37938
13216
73286
14820
35190
5717
31449
94533
21091
91003
46774
98866
75005
76289
12158
88999
69963
2034
66987
81179
19622
83440
13879
72927
54837
34424
77458
65760
52790
63072
58278
69810
60778
42404
8644
7930
54690
95027
42091
45413
74374
19232
17990
52712
63468
18618
89298
47860
91322
52374
1162
33245
5639
16131
66295
26526
87462
8675
84457
85990
8756
79513
45550
76719
37684
68443
13704
79364
55549
53692
81707
17201
32116
56932
62278
68667
70358
84159
60313
13751
56574
41512
5623
40119
23916
28548
23270
64910
82648
55103
86440
29014
47682
25935
65991
89665
45912
18919
3795
70499
94817
75492
26441
9276
48140
18038
28075
74328
14978
23834
36541
21922
25339
66668
94490
77455
22386
56981
37781
80526
81582
71481
37804
39969
28278
13494
67850
16971
1669
45324
7636
69965
50808
55321
86242
65118
39557
74096
64390
97384
84441
52800
95124
83072
34161
91513
75118
15843
13627
99767
91496
32187
58846
92595
22906
14557
11697
233
89334
64818
51796
29298
50765
91597
18672
1348
5353
55421
67013
37259
81534
3837
96528
97712
29984
54744
73755
50034
89016
22371
52657
45945
13636
58904
1617
71799
33796
11840
10014
29874
7504
51916
56749
76312
94390
65788
66138
18912
10363
71097
18848
99633
15572
30773
46
57917
69892
26687
26158
95207
71249
64034
64231
69222
97226
72567
62194
31365
40580
33082
11916
61670
53620
54231
81992
99418
14219
31770
62006
61318
74733
90002
68531
12097
5922
67366
52280
18732
51153
86712
70381
30248
45569
82920
4512
68506
30664
87897
3817
16100
55622
84679
50685
66390
60150
83068
31808
7201
11465
23144
61790
84886
48092
819
98375
61765
57596
68821
62886
16622
48107
75870
26655
21686
39195
38538
88408
2848
62190
48401
50020
28839
74315
62852
8112
39911
3179
26042
42541
54228
30834
66269
80931
43449
9489
19611
35560
76324
6341
98785
54456
12394
26622
87026
42538
1198
6470
54834
21342
12624
28641
76021
71098
12997
85187
58651
64821
44736
40082
55156
46084
87038
1039
57821
79353
78630
20640
69775
86606
35274
89496
78689
37685
67112
92952
18669
17514
28607
33572
79077
9763
46125
35512
2469
98896
38359
84514
79134
77365
33073
6260
25980
39019
63431
59243
5961
93752
40047
41941
82342
46899
81359
75747
55082
85693
1100
74750
42502
95558
25790
29751
90807
8585
77214
89167
49920
15098
18902
64454
49045
21900
49142
5606
96377
58704
80184
85034
7339
32875
34737
97345
1648
43933
23255
13046
89258
72874
85269
66791
67133
29409
26960
14879
19848
97320
32758
53136
49664
16122
52563
43481
5375
50302
4341
66106
15475
1466
18042
21237
42596
4108
26405
49920
27094
51486
15938
82083
46886
89209
85336
26115
69777
87613
1755
74124
15923
23483
74920
53970
35823
78330
38673
2245
51749
11051
62426
63330
44406
28330
38176
92007
92368
87603
31081
99024
57713
31282
39415
50021
95180
28767
23153
99852
96233
72545
68338
81056
27959
39672
32143
37445
69651
25850
67667
29512
48562
48649
39232
68089
92662
97600
90564
37394
48088
8130
61452
1203
53636
73317
33212
12487
14671
5389
47683
75580
66852
89955
10957
81721
69071
81567
41801
64067
75620
96817
84257
33701
14936
98538
27876
2703
32671
31871
31716
91578
10171
59618
36369
28903
1063
18778
74020
99228
18349
99867
98879
82867
20962
4081
92126
67266
342
10545
97467
15702
39518
76308
60620
46478
15372
31740
45163
90087
99955
64615
73378
48569
72095
27991
98436
19822
5298
20138
46989
67448
10207
86432
88276
41020
32803
52506
43467
5377
14383
94828
96295
886
25189
74936
32245
83364
97538
63552
77767
91970
71250
9012
34017
96195
80374
38009
26944
55832
81584
73675
40853
34242
6797
31507
68365
49534
8223
83236
8715
35070
65651
65882
62080
87397
20939
81995
44187
61073
76369
83514
33420
78550
24921
15999
66338
16660
46629
37830
15771
18696
59088
80159
83386
32782
56605
35006
53915
59582
68126
71445
26132
52369
93282
21241
64907
29086
86898
94227
90736
44515
13374
31489
71595
47320
34992
85664
84655
24518
43018
85729
37205
65493
81445
67577
5832
50944
88962
44920
81847
86685
99843
4070
1426
35064
83652
84258
26115
81902
7739
81822
75236
78904
23613
89734
64582
57876
73229
63145
12680
83636
39787
16729
86318
39366
9936
69794
9132
25060
10451
716
97456
37222
27049
42484
68104
34029
89225
26190
87406
23012
47019
14089
31833
95008
26273
75465
302
71976
24860
29954
89303
73034
45903
90169
71031
38186
34416
57881
61970
62466
14842
85001
55868
75330
26392
49331
96650
43780
40609
15827
60625
18269
28401
47241
18570
72856
20362
38116
9450
214
52477
45631
158
94304
50569
16869
35908
20211
46496
35236
14408
86251
85969
94731
35762
38766
93787
93024
81465
36885
89634
46224
684
7298
69414
58008
76527
68630
23888
9823
41196
29920
33948
9136
91446
65722
98899
37209
39421
36047
94795
38855
47658
71269
73002
83032
32983
18346
62526
34012
39159
86081
26796
44314
33857
36828
16075
57113
62841
14303
13283
6737
79522
68883
49922
7660
26417
16237
93059
13641
41523
60162
51536
98162
43322
61508
3974
59311
57814
92112
57282
50593
79470
52904
18535
72883
17722
15158
49914
5888
64561
63912
81699
93614
83601
78249
98405
17862
64445
8996
65875
50811
53983
67640
15656
19984
30300
80940
1707
24
84664
6471
45766
41887
98537
42551
21567
13257
81942
4420
32375
68031
29901
20441
23920
17555
78993
35011
67208
70461
61152
89876
43162
80783
45235
24178
28160
83317
2522
75558
82006
5303
60530
89157
33477
52330
12283
31698
12469
11113
59115
78620
82636
53345
1974
31923
94738
26739
53377
82424
8497
35234
80513
84825
29966
19874
93572
25059
2115
16503
27620
37139
36647
9983
72327
25473
3890
65372
47418
76289
65011
18644
94148
97719
42875
29462
70868
11249
74009
51216
27254
71141
2631
55915
48315
6022
42078
81639
41097
61901
19122
54322
27147
23307
1009
4942
79679
42823
62997
3600
49867
60626
58372
17636
31103
91452
8417
64489
93252
72142
76535
91862
3695
30617
31937
23239
90080
13297
68443
23473
78389
26180
56492
17450
66888
23210
11092
40943
15008
4639
68578
85512
69470
90622
37131
44615
8564
90905
66971
75715
73431
24455
32432
67688
42919
40236
26174
10454
31777
36066
97395
37256
86404
18056
42834
98131
34117
91015
1376
48201
15632
82098
35317
76851
1842
44458
83393
89371
67859
23306
73125
64070
86651
72176
149
11078
85562
79200
89743
98292
89871
75444
63405
34853
2106
95762
33395
36339
99667
59915
95324
17986
15521
30567
48599
70755
23172
78832
48739
63227
30412
911
81380
80777
51527
63679
31095
62845
92382
67309
37268
15743
24952
61699
59029
688
37425
88065
43747
93691
55529
79747
73041
87779
22258
19443
22745
3033
70583
69305
67278
24757
70536
13100
59711
16487
67626
16104
8158
56070
26632
5940
45437
70011
30765
36938
39681
73137
85578
83295
83011
38133
49256
35066
40309
42500
3400
89247
92689
27851
64808
85314
770
28092
77149
42723
87200
37017
20709
59837
17814
20215
39302
38246
19639
49522
56516
98855
88808
38392
60182
87750
68117
53917
99752
31257
7864
44184
84705
78745
7110
75068
35316
69529
15768
65698
83556
18448
70112
2628
15018
58668
93272
91147
91742
78998
86311
59027
9397
15789
52863
22921
70920
49940
95170
86893
78314
45542
24648
33959
14780
98075
23652
31590
98436
90443
83700
88157
16041
15860
5117
77362
5833
35399
67978
87088
35857
62431
35254
29421
42058
97963
83303
78985
72379
81279
14458
60984
48971
13953
34888
63629
84001
59935
86588
66679
5060
74985
50172
12084
20336
25936
75434
33042
34904
17205
80839
88625
98791
97442
46057
46540
86378
69514
45250
23055
64237
53032
26689
77631
37369
3102
69624
36171
17252
80218
29179
95150
53352
92700
47274
48314
50748
95475
34424
6445
49603
65897
12209
3885
62017
35268
4555
33046
15269
51536
80192
83742
17803
75685
12616
30458
18999
61582
99617
76850
9899
71722
22111
51808
69603
26582
69878
17384
93316
64819
92633
91345
90738
35509
88064
57842
1453
86839
35709
64113
27907
78929
69889
68299
73687
2832
68516
93669
35259
24305
25759
16434
92490
96621
29373
92426
98492
67857
91528
38480
67581
68886
67813
30713
78268
89065
8253
71748
1238
92933
43722
94936
1500
87994
73291
73425
89209
1740
81303
27956
22818
54769
61369
31174
72203
2201
21725
84428
36598
30118
19206
51560
19546
48552
15416
51592
89572
61710
2007
93334
29823
99955
71617
11008
46842
9224
60445
8824
64791
18996
97371
15812
1450
2271
17143
61253
38813
43182
66182
45431
34791
40021
7058
89183
26495
90875
78235
54029
3401
25448
14200
25727
37620
66856
64806
25255
97743
9837
27865
11071
99469
9063
81168
13080
34804
88941
29664
56084
37213
76344
93702
69030
77085
95487
65897
68184
43752
88037
63463
2119
23474
42675
35248
6974
95413
90851
70646
43190
15405
11268
85420
84894
82363
34913
75115
68917
29983
25110
44881
30637
340
96077
51538
966
30027
89096
4073
25634
7004
8943
62743
82500
18160
62155
18925
6529
1086
36567
19839
42687
58748
28322
54689
92366
57165
42963
3056
7020
51121
13785
69531
46018
99540
80407
74600
43237
6461
25274
90206
78088
1437
29494
97833
58627
7058
67936
61567
62811
32361
82760
80515
14796
32346
36223
38144
49387
22477
16797
24266
90712
33194
49657
52642
29647
41787
35909
43286
53635
41720
53649
31791
13699
83834
43308
71228
25370
29106
25933
85008
21511
38877
12245
79113
35017
3687
95058
52419
57927
59604
97687
20782
5286
74030
87992
67003
11349
80695
5373
1659
13895
61089
48719
46255
24386
62061
48276
95408
69699
69354
94176
79862
98773
54378
66421
87524
41631
39262
60165
95507
6108
89690
56037
94726
68870
51576
56902
8066
25817
98737
29849
47638
15237
32232
97526
17831
46089
69186
87316
75217
29468
62158
9573
66388
33645
16406
26090
18518
82155
54279
55468
2711
62680
13245
74331
38287
80391
38369
84274
63532
28739
79742
69226
97584
3260
48771
41643
52201
22648
8239
24635
34317
4536
78117
37567
58824
92640
62553
53214
1408
48561
23759
72780
79945
53313
1010
36092
3260
86349
62992
54023
1205
49151
48555
2057
7060
39411
93223
19620
33995
94005
24226
33726
84500
30993
81919
56614
56818
36435
55293
40742
75650
74088
63552
64555
23187
48387
34231
61434
16390
17318
55588
15320
49301
61497
3903
2164
82375
18189
92425
99906
12665
31919
6447
58522
87240
61941
92603
30160
57853
41487
99663
93527
80147
17710
45850
8820
54044
28671
10127
17300
44905
92545
71009
98038
77925
30372
74037
62873
98489
5707
19829
45752
30481
49986
2314
37580
82372
64369
64758
43784
34866
23094
73684
8952
86215
98459
66763
60940
49481
62493
26733
19095
72665
25518
49586
73211
29326
72152
66428
13510
94328
90472
23700
81028
46011
91623
2500
20136
52248
93136
46510
91986
55905
90244
80395
18578
38537
89589
42186
76769
17798
77545
1511
60259
866
12830
48668
1359
81437
60716
46394
80420
50806
70760
40725
10899
54273
43558
49004
82714
50223
80523
17392
10160
84647
66872
45581
66867
31135
17913
19525
78439
57548
18052
67108
77873
57278
72072
39133
16514
39151
90738
23849
65331
96669
80197
95852
38273
39437
31099
67068
51580
68906
77481
32816
43596
26074
35614
11144
28064
92038
55035
22541
28768
63014
61822
53753
480
62448
10852
76238
64697
41563
23087
3371
33632
26611
29237
50916
31326
93898
71392
76465
27278
63977
818
98719
20026
62165
42600
39524
91526
73094
21207
93168
95939
50073
23294
33180
1212
22520
97291
38969
62267
12656
86018
29734
47570
81755
58514
43716
54019
64841
87458
66301
25957
88114
29169
95938
61823
60301
86446
39680
41202
13696
51047
42870
72956
51716
98560
56629
89129
77096
13301
47422
62154
49058
45403
70021
65201
77742
65623
29616
59828
75622
86426
87350
39675
4707
25663
15360
45134
51083
77987
81317
2269
47932
43662
9149
15582
17990
36418
83903
980
46243
16903
40296
22975
36619
25544
29435
33543
95540
67619
15398
86600
47600
59373
30811
36820
60231
38631
41221
68069
63498
57506
67455
4814
76651
60454
7086
94860
37471
33751
20578
30864
75727
9885
45177
3871
36522
26664
56945
85632
92841
84870
4224
33421
80166
19896
89341
9769
52149
85422
17
95940
42645
64372
92973
8574
10956
7080
11159
99674
32715
16944
14868
19350
88488
59510
92335
78314
26913
432
38675
54730
41325
35486
23483
71234
39049
55783
78114
72184
68039
6229
40575
98796
54422
5234
23723
10662
15971
39628
76363
80600
80494
79352
26749
59935
9139
20157
83178
22797
77693
11409
25577
1172
82138
95015
72814
94219
63695
60032
39084
82212
72245
77657
8873
57311
94858
85537
40773
62372
46019
16590
26817
80290
47184
75854
93649
79083
97170
3913
15328
80011
46280
97155
13699
36813
86228
15450
98170
10218
27349
55524
49675
96506
60294
41889
91055
80795
20868
54927
54786
12652
46828
89849
26722
78780
91779
97603
62814
67807
97302
67406
74105
33417
2587
87779
17563
50497
45032
23395
87443
68466
60904
56078
76192
53893
66507
47213
65544
87487
3214
98993
97588
82885
70541
64969
49375
77996
53584
51567
87041
96667
87019
73495
44619
62115
90802
60112
70440
86237
33672
61446
74307
59017
87122
8128
6808
51004
55270
39790
30667
91932
37541
31090
64982
48871
84158
69738
87151
75840
77903
52766
77276
93660
4726
57259
67066
4389
99864
45611
66677
62578
49418
72732
55901
32012
18959
5211
94794
4923
56203
49917
90112
50101
53077
8093
34789
88746
46654
193
72183
33847
69489
63628
42256
77247
28254
92728
19669
19748
36949
39547
38579
10348
75351
51812
78226
69448
95528
37745
39608
94644
64667
17178
34850
28756
43647
59949
45776
69541
97461
55769
40561
3490
77952
20543
93049
73350
84730
95036
58105
84917
3270
93945
9786
86224
51367
1402
87707
23872
46035
79336
27856
57935
85700
91278
33198
5545
9609
86132
66788
61038
69965
33276
31006
52302
23726
86660
15125
1262
1383
5108
3445
9243
81309
7451
94688
53100
55327
14814
80035
52885
20458
79990
79067
52696
55066
24924
83067
1581
56141
97214
51820
26481
14424
2244
85979
43482
72739
34178
90968
60673
29487
39458
88363
16980
67708
22925
60368
53785
7908
38683
29786
69555
26684
51936
410
67552
44362
97736
48231
15771
98186
74144
14552
88492
25342
3424
33640
80225
85044
97893
1627
89693
56244
23443
17281
57130
75510
30206
54495
59141
23207
94575
98858
57602
66517
31902
73608
12412
98197
8368
98506
1927
61609
35210
13006
6918
1550
24957
26655
67367
84256
96447
8735
74310
13067
1600
12174
33700
50777
13965
38622
55915
99436
57791
41873
38392
1293
4573
66947
53882
60703
82916
41337
61861
73718
36627
24912
32634
61918
68664
21341
17693
41237
14603
25836
89648
81740
17089
44381
78339
97400
90385
21319
13931
78346
53242
4526
17649
90027
40610
27826
78758
95683
19731
79001
2922
19124
89791
94602
35904
14562
7206
53032
44221
30683
65838
47473
30554
43270
66161
6933
86360
28124
20445
12689
16638
47964
59960
67196
67531
54511
18206
86454
35754
22745
37664
60049
62130
89232
17407
308
46999
61259
96992
7039
38655
73035
32614
47415
36722
19719
31720
76334
36261
73620
24588
53774
99398
13179
20756
76462
70804
40613
7490
96967
23939
31082
44865
42870
95562
35884
21803
27612
4481
2001
74759
43432
48424
82668
44560
36372
61019
42401
74486
71253
27075
65466
34973
97906
51856
15113
44219
6673
55141
55977
45058
3079
83213
56010
65664
32889
15109
50858
81189
95444
55090
98388
49166
81766
85194
63481
66750
55883
91258
96015
34641
87212
28463
31393
97347
35911
99822
35913
19276
94326
16693
33569
20300
10151
16117
20762
62272
850
8749
72614
21312
95500
50386
39543
39608
52629
37428
93317
70341
10071
17942
1136
79503
8396
29198
81021
75784
82325
67160
3607
18238
13246
38584
84855
65425
508
66762
93300
49016
58960
36153
51529
53443
92634
22019
55724
91488
97763
53435
21509
53018
2181
28989
98907
71869
99518
76320
70462
74810
69978
60504
27926
26209
23452
32190
46869
17897
3050
78539
55895
30892
5401
28080
666
50617
80615
17395
19653
7759
18469
98792
10762
34769
42911
83379
10372
37571
18273
16521
62743
44045
29103
41823
11841
5088
67907
34684
59281
8766
52520
43328
32481
17439
2773
420
44995
13030
71404
81
30550
37153
36404
49071
61044
81297
90447
78613
86709
83581
13571
36068
60650
11661
8394
38424
44256
68395
29392
26058
65002
64580
89563
37158
96069
25699
69703
16073
12022
42511
1086
1115
60803
16186
82057
75832
54139
53260
62879
75084
702
1984
66960
64501
9091
14181
32734
6130
75854
39950
30427
9538
83777
25516
9399
27116
85425
16271
56934
34804
79109
17739
4191
95830
34390
28852
75126
21924
39087
17874
88015
90001
61736
36071
36057
62063
60321
22022
96750
3654
91616
85309
44019
5469
87792
88425
42839
86076
82612
43981
4102
63676
61708
82013
17108
36924
21569
93501
57045
13353
189
70212
81139
74939
48688
10844
48459
99712
13152
28437
18378
89421
69949
18300
97580
36879
26910
41683
9615
69812
12315
65152
91569
31448
50122
86665
45686
5919
30874
12100
32984
77068
53219
13644
66922
66595
12507
80491
72074
39249
3843
69235
34243
10464
16545
81847
84498
6814
47198
31191
75540
78335
88026
97918
94426
66408
17966
85036
97583
79340
81503
38985
17330
75887
58926
32066
42347
71343
20145
22892
23535
37396
2857
92230
67345
30583
28026
14757
28919
60446
10223
24864
33758
9239
47913
80420
91760
57600
59540
15666
50641
38306
45624
43753
17414
98372
86669
56702
1015
61405
46875
28077
19875
46824
5958
30884
54422
39366
19940
52921
70235
48915
74850
27461
85959
62269
86054
70739
74306
83626
87692
9294
57337
61542
68108
16321
65112
32908
2067
3264
5282
77978
491
4956
14294
21958
49545
39694
9569
18518
67972
93252
98853
23051
57592
21387
63160
30231
57020
70305
99603
50380
24826
42347
15732
80306
98371
40669
98353
3323
94159
65380
84631
89592
26654
70321
92946
66031
90623
24892
3140
6617
16201
26757
44360
22973
22008
50832
25173
24081
62103
37718
56956
70915
7512
3452
12040
18294
38774
54877
73692
78953
45994
55810
41300
6858
13062
22529
58141
15127
33913
5861
13878
70206
83466
26752
36413
67026
64676
95719
92439
48189
29974
63492
11084
56550
91106
56611
50010
18423
89975
19148
20370
80227
45769
52053
76790
35118
33291
36817
65040
65303
23178
89500
10411
36679
75487
86194
61767
39263
15187
31332
38221
70412
57996
15501
16150
77404
89180
74767
51104
37585
99781
19932
58906
16529
39667
97884
14158
50671
83086
3471
7266
50267
14692
15066
71880
15781
6438
41712
50422
24584
91976
3390
2702
6324
38367
57342
32671
59893
30921
76370
87824
37134
95890
47162
35491
75063
50404
79424
55050
16450
90143
73901
8377
86189
21964
15701
23824
28981
80069
74388
86172
94769
29883
76270
12565
16350
58272
15009
99387
60776
26343
73302
197
830
78057
7454
71739
89787
56020
29672
64469
7206
29285
46156
1504
75731
23197
96297
44810
84634
73609
96779
51172
59724
76102
90679
45206
38418
92577
25940
95052
80108
65374
30352
70139
25218
39061
42357
64677
32938
90182
713
57544
67343
16054
25515
41464
5304
2770
28557
93403
37171
38323
37112
68501
60087
12872
83111
97986
42561
81027
8024
69616
25557
70439
53515
48615
36877
98465
83105
39599
48528
42869
51272
38091
21546
15681
11803
65576
18898
75066
8053
2074
3619
56414
59693
39221
79253
12033
98293
29649
60589
31815
96663
24188
57110
5012
79003
89629
32194
35893
69258
94645
44612
57033
94658
50838
49841
49838
25882
58602
13325
27919
87246
63222
45248
3417
32293
819
96387
27828
20783
7751
67721
27523
87593
71185
81116
81657
76148
3718
40560
73900
44981
5011
28133
47765
46178
3636
4583
1814
97239
59210
87764
86359
52063
94210
62823
17122
75545
43641
47021
81047
9227
56814
39778
26574
38848
42557
84565
70102
9532
51915
32720
77877
1038
16772
82635
45063
49190
73284
11093
95466
10939
48267
61202
459
65415
56203
2699
47268
17500
10183
2086
14417
97664
97892
42682
12147
68090
91159
59624
72658
36747
66804
30641
75459
37816
28884
65087
45858
4112
67798
76035
8114
9375
27585
49123
57777
70496
32053
13581
30834
24996
52125
12954
8484
68265
29148
30511
24388
53142
53883
72615
18968
31471
13027
38886
8623
75940
53046
96294
3480
48490
28506
18580
64079
77256
77071
93430
12490
24724
74221
93831
5588
80651
68818
10026
97308
5869
98504
91815
46778
76038
72245
49596
16393
91907
28203
60445
10203
36616
50951
74086
46652
9345
5532
66621
11136
49756
73501
72257
99580
32881
18445
18402
42518
25915
43443
95357
71722
14179
63417
91533
90319
49274
24601
32091
91897
96450
17450
7620
37988
9
52393
25138
58529
96794
46321
93222
31760
42277
82410
64350
84526
44419
43104
84680
71272
29333
2379
40909
88197
75110
2759
90733
95152
79710
44328
30024
64213
33344
72358
70718
92547
82113
92410
40752
87199
7110
5822
69329
8590
16518
8001
17645
65408
86653
48210
42280
43955
89582
18113
27165
12883
18727
424
43786
39780
52395
99077
68242
73694
27499
72627
36906
58257
98224
69389
7448
33048
68400
38077
96964
78311
3340
2443
54299
60858
48495
68195
7015
18900
26633
57463
25195
42960
93944
63566
19340
52095
88938
89303
31483
23333
82095
42024
56106
55068
47666
44825
50882
99729
58741
87516
47965
82755
73429
31617
67393
8699
99908
11910
94616
28232
98736
15338
56627
29859
69307
74461
59132
37250
49815
38055
62101
63655
65844
25081
72933
95517
41690
95744
84254
62945
99894
5274
10024
84968
65587
7218
98620
57238
3895
36058
90197
72066
71620
88842
30574
28716
73565
67647
23925
54860
41456
32934
91957
48444
54169
49628
18155
41251
25550
61898
16613
1282
81310
54737
99903
83005
52816
48417
30818
15191
89599
26144
53422
76499
36308
77704
87105
21390
25092
42606
50300
44179
91319
15262
53457
6958
18584
10345
40982
814
74152
28128
31079
32350
62065
36680
47126
51412
91659
83143
45628
91358
71317
30545
86304
3585
69986
29619
56435
5901
66627
45802
30011
44138
91779
35053
17928
19946
78097
5880
63544
39345
70633
18917
62483
51274
41667
32120
59512
18597
24133
63741
38983
71117
31046
53439
72418
84410
95254
23033
46836
88778
65542
57970
60757
66080
23167
35687
5719
59534
74577
31097
36605
53379
66727
22517
19160
84721
86491
13478
46281
56075
16158
83242
22709
74195
7198
15174
48757
28692
3920
71125
91482
60625
88839
71210
9029
91067
92503
81838
25303
80205
63292
28221
97815
36825
27419
12594
98472
5162
91169
49543
16928
95276
60877
66589
23517
82640
33005
55651
55298
51867
88504
81765
93730
84452
93303
44738
31115
25557
94719
5673
99547
94916
27449
2534
40376
93663
28930
32827
2768
40373
68243
55315
7412
90642
30912
16855
54677
56931
58675
16006
74907
28418
74370
45228
21432
249
58837
36276
1909
33966
88771
87751
32745
40710
58516
94432
71837
87522
51415
33539
45050
27359
24195
18191
79846
58072
63187
44584
93333
98603
46508
79637
18915
10170
15327
9900
68321
8662
25666
4948
50175
50731
54080
51145
63954
32179
83392
49929
49511
30181
48382
68917
63886
25899
34682
20012
65533
77010
29815
61382
99074
43324
13924
27245
52941
84934
69953
15614
64995
32948
45289
60501
54529
16207
27025
21532
59456
51553
45643
28834
46124
98438
75710
28319
45150
883
42819
64039
1602
2399
41875
88948
43943
57533
85073
7
48151
39414
84764
9067
37662
90967
34865
45017
91317
10094
76850
26491
47262
84663
84904
23031
18360
2118
2293
16419
88474
58470
28103
38239
54962
92945
56812
76886
92595
99058
76995
57493
47921
1614
41406
15880
9124
49959
50648
40065
47559
43550
37271
41342
1249
46639
72608
82892
22392
28335
19859
76677
49499
82825
8996
79571
51000
62026
84609
54141
45245
79090
13017
49572
71994
83839
81149
94150
69316
16388
90288
54551
95856
27130
41748
51382
56844
31060
98925
12873
9739
75816
65507
20
76965
24470
99775
86968
31829
12659
60042
46855
51778
74573
3002
41009
60398
59307
85100
27195
99298
84166
97383
15304
92108
77813
74423
12435
93703
44312
45192
9437
62531
2535
65671
59594
3371
57279
18735
22765
25657
24712
94431
47926
15379
55180
12900
56908
78348
78466
41699
83904
79398
65329
37094
82444
842
19030
26616
30707
94833
38026
46010
97299
74306
87915
85893
48017
43365
28218
27089
62414
12976
6538
1151
85175
18778
90613
38995
66484
55362
95833
25694
17629
1393
3722
65020
29139
97323
3380
36351
43744
59294
65064
21190
58890
80389
26448
61231
18502
3291
935
62399
85918
23659
50313
93143
20642
8516
78504
9551
51900
59444
35219
72133
5813
85162
41665
37506
91369
17730
97779
60235
85632
40087
38181
78911
68409
42415
72737
61092
78180
45747
56805
20421
68177
15008
28868
66535
46779
75976
62457
31561
26879
11019
26443
58212
67662
23546
79446
37865
99542
29237
53819
11886
44457
46348
57094
94547
71588
67051
91364
67693
96158
36544
90340
97225
65327
45650
7040
2987
46239
41226
71638
89809
2370
27202
74530
66578
31196
4920
16718
48089
12073
97405
53833
25963
53883
58718
72586
79773
91475
28856
99501
59477
2778
97052
42507
16430
74764
59937
6886
46968
72629
42820
89540
50526
25588
24498
92532
75063
60644
75753
29613
93218
44282
61998
60464
49950
80454
81289
80726
48176
62568
69608
76269
50206
82634
62093
69690
60103
57966
97411
82634
13747
72112
45439
64103
89201
55412
27818
61444
74808
65943
62573
12433
49159
85405
61513
55141
96146
94875
89406
42433
33192
63111
40485
47666
97803
64123
76902
58679
81685
64788
61346
63327
88283
44044
97943
63284
96990
9343
61654
57145
69330
41918
17290
87707
19701
29159
27932
885
13168
5204
74958
78352
14662
5681
67937
28853
2162
30529
77934
81432
22272
77033
7976
85961
64229
20796
39810
95254
97731
53857
88685
2988
47521
35127
53181
70035
86302
17787
39272
34675
35082
31482
72644
9500
60122
36556
86465
89737
86496
48102
45173
19732
15526
92660
54654
1438
54927
48421
55575
62805
7458
26740
8655
64561
7779
93661
90367
51759
10093
11826
78933
48065
49561
77642
5696
17835
56663
93069
17282
52320
13684
79230
69233
17736
82505
81174
86115
11137
75304
49088
44641
7046
70053
49982
90511
76648
66830
81089
64868
75359
23066
37554
36688
98024
87830
95468
27021
34477
37570
28172
95474
88527
12245
58700
98110
86766
33675
49386
22705
92255
21897
66361
31542
86549
77223
97277
38047
97230
45560
11219
16630
55403
28609
67719
19146
17233
51220
81159
93412
17052
60182
14846
42575
71255
52408
86030
51025
63070
55176
35493
31323
55626
70117
62458
17311
50878
78169
74452
1713
35791
36680
85118
96581
14754
62292
77853
23295
3592
55067
26233
26270
10702
39471
23996
84153
99648
56992
5104
6367
2090
43240
59704
25201
30706
31038
62022
74807
93260
16455
36676
2440
89440
71123
23695
30286
33831
66490
46122
26152
46983
90952
2143
13672
62610
9406
55934
94289
23059
10339
34805
24028
32477
59048
77195
96536
67713
8852
2485
83411
35139
76556
25401
71853
75303
19808
34543
77403
35516
11063
14760
69202
77205
33802
56884
60986
1764
92178
84320
22544
62363
89682
64254
86547
29865
69256
89370
72669
60112
98182
55877
63663
32035
59417
32515
64782
91528
209
77741
63116
52573
9768
62332
97023
48143
57397
39486
76015
92990
53742
50636
30699
99433
24040
8398
59339
90400
96166
48491
30872
76917
36803
98413
58639
1864
77098
91055
62905
86681
73008
63088
58146
43752
50512
25526
25548
15586
86605
28120
99042
95039
93856
28481
62704
92547
74084
63675
43878
429
38137
63568
37983
7330
71542
13783
16203
30698
27505
53774
27078
36518
38469
30742
93824
70503
30256
18655
48784
63923
95043
62021
19500
62904
22989
28882
2794
46764
75091
3851
25301
2801
44667
60932
60986
55033
10734
7605
27408
64414
72614
53977
41925
77359
55992
5405
97214
10234
36866
78560
29769
47122
20729
87788
27203
47142
23329
63919
51214
90006
5481
81439
26003
60152
81118
76811
23344
79716
24983
37966
67294
84221
65291
87845
19984
80400
53110
57261
26704
21642
27540
61744
19847
24415
65838
37082
21107
39466
12723
87537
16515
16056
32656
52345
96475
46456
35548
70282
19355
6675
36140
86644
46088
41668
680
84240
1320
52368
64737
44103
69120
37972
87240
21701
18359
41142
28275
98260
98733
24992
25438
4652
75267
54173
24815
20098
48315
88434
27837
20990
8531
57698
83492
97337
86841
48763
23048
44263
24327
39360
75309
45740
2135
25093
61549
54825
18786
26558
86792
10069
38288
72828
70962
23613
79664
80087
92101
14452
73332
26438
8186
81072
62228
58234
53389
25742
16572
11007
75341
86847
18786
74553
36661
62523
73185
4474
52530
58410
53230
32402
50288
89225
62089
10817
31296
37357
21705
99137
44677
70458
78458
84864
12810
32654
77475
82855
41723
10675
6445
1782
13816
21122
21810
44318
15428
82788
30842
69697
40257
83978
40041
98967
53318
44249
55567
92711
48584
63487
90309
86885
97640
98621
75346
33736
74690
38705
95095
87507
79254
76290
15915
6665
53446
62994
94278
63687
90143
21654
25654
38960
55001
78847
24835
10801
584
48324
86227
35267
96481
62916
60941
60522
60948
52671
70365
76681
72320
91595
14290
42605
40754
87643
91561
29251
40541
22454
75995
44953
55934
27600
76011
34871
13320
2983
593
44825
31379
64387
82215
79287
17072
29173
93904
3293
69471
35444
65929
47615
49268
85710
66660
33285
99099
32198
31501
20393
71426
22273
15171
94670
9347
52804
28699
19500
57977
9565
43361
52505
53988
41851
95727
94109
42509
69961
2529
86946
97465
24581
48322
59157
8390
39550
64906
57324
88189
23328
99918
23061
68421
78328
82579
30825
8517
54083
58754
44889
94259
52229
30736
51556
79583
29826
90156
48231
81602
78088
53496
67082
86146
42549
23165
6108
39449
88718
81481
66249
59186
37971
76315
10707
5341
22639
53189
12120
9564
42631
24567
78730
60831
72805
77710
27766
17738
90526
99355
93147
67007
10314
98299
42946
27085
71702
12918
3620
60155
73836
36522
62283
68291
77865
26963
63112
50903
99095
34516
52180
23999
14387
50577
29702
69144
67576
13266
94487
73713
92647
46782
22384
38429
2756
92554
92235
61976
63576
44715
85673
93503
20804
54786
95331
79196
62227
35699
95819
81330
29418
28267
45074
393
64247
97948
47942
64350
81031
98460
37005
50119
91864
80966
75004
95029
13443
60552
59901
83597
64977
2333
34230
60316
22628
52476
15976
12971
7394
19237
48293
99619
16650
32624
47677
15186
97653
52336
70681
50991
58637
72629
17625
73113
99618
11520
83378
96723
90084
20041
91104
33421
16994
90333
40641
89939
69922
50047
59494
37080
84838
76865
65128
87279
52124
59889
5382
57798
71773
95481
38070
7060
43506
76010
42608
16706
58370
25620
92251
45997
29602
42258
83570
4056
23216
28443
19237
39246
97831
86618
51459
96901
38663
79147
44259
73908
28640
38838
65588
93815
8875
30131
77250
39618
54907
21745
43883
14770
91274
34545
44736
75071
12624
43948
58833
73242
93236
55237
79375
97824
213
81440
62817
70635
94718
93992
31262
27461
93723
94299
33512
53252
45742
68219
39544
61118
32327
66663
35113
88110
83832
22011
30136
66370
33220
94758
35875
61276
95465
31805
74611
9416
96779
80912
43325
96264
75117
34534
22338
61755
97043
88101
41160
90820
43224
70423
95127
5963
63417
31663
72580
26346
85529
54516
22589
22234
89083
5855
98888
90285
54580
72166
583
7731
71528
24768
50178
10875
74443
7162
18755
56073
43985
68960
72241
80331
78552
33757
77839
34568
31308
14723
41294
33837
75318
17975
76370
34051
89820
88726
7761
98976
36744
64283
46586
95070
49729
23711
9882
86551
8325
20629
30616
93999
76705
10753
75550
62666
19152
29326
75121
2614
6825
52956
11273
64916
39259
72514
15116
95652
55247
3826
83138
50229
91906
5691
12641
76145
84490
52377
68704
14794
48192
64305
27658
15512
79322
11505
58790
88831
74191
23265
43166
37355
76230
88581
74152
57393
64860
4131
46543
70140
27812
3043
73057
36048
47320
46667
619
94171
27722
29274
54387
59433
80170
27964
66254
9606
3918
29497
97965
91831
30252
95966
6023
46076
27104
70308
61556
24300
14288
30595
18866
4561
35759
91514
47178
20536
63108
42428
80781
41681
77582
36461
40286
5097
34828
45780
91000
38535
66937
62234
30151
83677
73384
15381
59162
63488
42642
7543
77470
38999
564
24512
54968
22714
67934
88551
17145
23530
19584
32760
7269
21868
18934
12638
594
4723
33408
28446
41930
93942
1854
49004
95254
44550
12229
68342
51782
26091
98591
5800
36952
86229
29613
57152
8124
6324
52566
78234
2881
49709
51613
78202
47792
88089
83745
67527
85425
78090
18527
4159
65105
87609
85031
97089
32248
79745
27629
2474
99405
10862
65088
16736
94495
31616
51743
58837
34794
73637
40214
24591
41062
22265
49326
24087
52395
34109
51246
47132
16881
38822
73370
46893
93246
16316
15347
96088
1494
29183
69326
75794
23833
42320
34868
30557
68926
33870
22941
41582
62067
21552
11754
28492
68029
84227
2635
56306
48192
63080
84074
972
26483
68292
823
71274
79290
61861
66486
66711
41226
78711
22035
31024
46019
29179
14076
92258
40840
24111
26061
11886
72519
22339
50727
96119
33475
44082
35822
28649
89665
60306
6477
58305
74220
58509
28046
19916
14224
44990
82567
83989
47276
77672
26702
79448
60552
76727
53672
9741
49314
86087
20473
10781
67698
88301
13618
9871
69044
29763
28643
82997
93105
59592
88607
25766
46982
55190
83304
82742
96388
22209
86156
57382
66436
12375
33918
63510
24459
62198
22934
59969
2256
51594
36493
2884
6999
67212
45029
69999
14601
55556
2217
40365
8695
24950
93779
68961
39050
15225
19482
32111
83221
79920
8274
42352
48734
38776
8544
18296
77380
15074
85761
18462
4286
55625
83430
59871
4525
25916
64429
24194
87740
79834
99493
57567
27190
652
86019
85661
83261
83157
3972
26992
65408
48601
54227
81177
86380
22162
4062
17600
10933
46055
39196
42386
98017
46431
57397
79470
9453
31752
65057
50162
95685
44166
98748
21628
81710
85007
85452
57759
96202
43933
85347
47237
26276
16910
36773
85071
91115
26556
62122
45844
85938
45108
25831
26640
31569
51442
40851
72930
3381
19906
64206
86335
43475
36766
24617
97317
4279
98327
17110
85012
46071
56455
12674
10395
93168
55572
34155
13052
56395
2768
66031
71198
7854
35707
22382
13472
61204
83895
33307
91117
58003
26891
1465
78339
69630
90897
56679
4771
96887
48093
43662
88705
65483
38244
54988
71255
64903
20414
15476
2174
43787
38999
31875
50210
68512
45219
23410
14950
39306
42973
98483
96423
22249
77877
15614
97201
47239
74700
84325
68958
63265
75802
39573
93080
25881
5169
56401
92904
8492
83315
41268
89215
59098
32067
70375
32301
43630
53976
63753
76498
45247
56746
62506
62184
57712
39131
50244
30699
46078
58792
48918
7726
33692
5187
26906
71940
81502
40209
73474
87326
56422
60533
81275
45930
14130
30719
3226
28384
33018
18007
21937
5361
71395
47045
76223
2344
24404
43368
30295
96440
94355
28316
50352
95641
6849
14470
28919
43550
47481
90173
31840
25475
76547
20697
91563
95996
30330
28628
67595
1153
13696
72109
87209
19077
5774
72949
49022
75366
24848
62787
91853
40809
29110
71487
53938
9008
39454
44376
57614
42034
87875
67865
72109
43417
18922
29559
53700
23754
59692
92922
70309
76103
50212
74822
2082
6658
85850
56979
95383
73360
94908
52240
29399
59675
63468
78812
43123
78483
11041
71954
42098
16091
28761
32791
90999
79082
47085
34660
36168
34954
49085
58330
66948
50281
29753
38883
6300
27256
20759
91153
1711
46014
71870
90748
49505
91405
50889
704
49323
53919
55926
81700
37332
34246
15996
98584
45217
78617
51716
85678
93052
12478
74511
68295
6406
79950
97995
50090
73170
370
85886
30873
56955
79237
75688
29817
96186
64954
30314
52335
65931
57123
14277
45958
59795
86003
23297
96591
73047
25896
32420
42502
36439
69686
79752
21964
98583
62496
13164
90984
16271
371
15522
35217
49545
21594
78763
34821
50984
10031
99225
12983
75316
20895
27806
51365
60344
58218
47468
74511
90245
80067
35398
81935
46242
59558
20051
46754
78555
81849
57140
7530
9452
39239
44389
87988
44581
64731
42813
38086
48821
40343
47506
12545
64754
92834
95620
26102
13094
44716
60851
67048
15728
54003
20864
44555
90200
66704
49998
32701
57492
47774
58635
14860
21767
81541
72229
18580
52587
42495
21908
74649
57532
78083
38306
48709
67905
1843
65580
89007
1071
88378
41531
87327
36603
45319
89524
15713
31019
82903
92147
43259
7814
44727
96848
35696
32063
64058
26345
27016
97167
65633
709
5210
81734
36581
33914
58014
39232
92687
65429
98030
8965
89925
70591
53689
11568
68051
10965
46308
80642
56670
92257
17841
8358
89213
43609
77668
27517
61630
72580
55949
55978
84907
11762
30986
5022
93820
74313
30151
1525
15069
40691
37542
14228
61194
17496
44554
26778
78933
81051
98015
79027
57042
42356
98755
61203
14107
11925
73460
56594
47942
96066
66281
99910
34692
89178
98287
6230
55833
70485
44079
91478
7507
21916
14961
82008
27980
1676
2244
57613
96221
32081
18344
79504
91112
42187
40795
76442
34321
63064
23434
45227
17455
6212
80667
4375
47560
5857
33974
72423
97604
11154
64835
42594
81310
84674
7458
641
10335
44593
26305
64593
34785
97354
99604
10725
83738
55617
21710
93364
91035
17093
88191
63276
86137
82676
58882
18068
1968
78225
90674
11142
25801
68412
82841
60587
70155
37498
29454
87379
87193
54016
18531
54529
61812
55392
74197
47362
47843
18875
98690
98012
12361
52348
77669
90829
33917
92444
93895
58167
64574
80796
63765
97555
22619
65635
10093
90630
79285
47395
94217
77060
81774
21990
83036
66627
31209
58924
50201
10777
20041
99503
99807
64794
2897
75623
49423
38112
81623
61674
75586
9250
88214
71460
29429
16778
652
54611
37615
79480
36644
26827
68047
6835
28327
65218
92344
33163
96046
24866
60724
30966
84638
78799
53080
32816
55909
54144
81253
41077
449
73292
63825
35238
16907
31566
83258
9919
34349
7572
83631
34804
81483
5907
73289
59388
89033
12020
98808
60880
72038
34094
72159
78609
23171
27402
40724
64439
25251
6620
18224
45728
41211
89948
14752
49947
28829
15900
62699
82651
95859
5191
64283
99285
12473
52425
52710
66253
38454
28929
23991
76293
37651
39452
1654
34505
19420
71581
51472
42752
17635
91922
33712
72908
86039
78927
82532
7910
61769
56800
72622
96886
61957
72590
16614
82875
68578
67539
47759
38508
18550
95697
69018
6160
25292
32159
43183
16192
59586
67333
31571
79399
28110
23422
66480
56745
35648
71028
99194
27741
57334
94180
96059
50222
91759
34424
88575
52624
23937
86229
88737
4017
22419
9994
62788
38092
97834
39033
87045
37387
61637
10253
37539
42568
10020
62687
18700
11677
12149
48163
58262
22829
77317
59218
77794
12501
11523
38296
87252
17022
5990
35534
30863
40415
36954
81490
39198
80320
34906
54748
98170
47369
80381
21907
87227
93604
90536
64914
41294
96816
59920
44506
46804
96126
27817
53575
38672
97384
76270
91796
89243
58678
48191
56258
77788
97347
71847
82562
27884
33071
27990
46256
9047
96126
36250
74864
3648
21410
57705
49151
78907
60515
62988
38180
33003
50623
16080
45468
33027
46693
98737
76011
25603
76954
71015
43756
90388
47622
65157
94817
99851
33712
74211
49969
92796
78788
7943
39404
65446
28836
98667
65044
67941
89419
72466
65722
57206
1627
73903
6531
85606
25942
3898
77627
7303
1841
81565
97779
90614
83033
81447
42927
52719
93882
40011
36293
98018
50703
42209
92142
74135
44710
90933
99131
2889
78166
67310
90712
35945
90045
50389
69512
8644
39253
39514
12475
37184
99657
88219
94718
54088
68957
95447
30680
45540
27693
56068
13280
12738
11777
12634
1942
7668
72479
48505
72223
78268
51283
93811
1
52227
2299
99867
39514
94263
96259
85618
8539
8548
70017
4684
92742
19924
68900
33479
88052
26327
40590
80443
58431
67214
19543
49409
3105
35800
73471
76298
20949
40688
16090
3555
68589
72010
90415
88480
51680
26613
67445
73999
53637
81923
40868
12564
28826
16018
17855
33601
49851
7128
61852
32495
73051
23497
41617
98831
26600
22370
56767
67406
37084
82759
65028
45425
68737
36743
33506
81447
82589
32976
6864
77503
75676
16717
63107
42293
87291
23868
79183
75646
29774
12692
27321
24611
84366
60752
74041
88111
92930
76453
96831
24973
4827
2519
59166
75415
76181
63749
26983
39090
72303
11118
4400
21848
14085
58629
96023
62717
86265
56917
27130
37563
70997
40078
96274
66590
41432
76300
2874
39001
17117
23127
66344
54423
36003
10046
92789
63648
49345
44905
93704
50460
91776
73064
71068
32534
54694
92406
50808
75963
96414
41204
44118
48976
27719
28166
6824
47221
60557
90099
92135
53841
32408
88638
53318
54864
68170
85549
42487
66985
40441
98998
19283
18005
51598
25203
19225
72393
82714
37446
64793
21576
8602
25093
65506
99842
5818
87529
55232
62809
12516
78059
17615
39224
71350
62239
69486
10045
83337
29353
84113
51801
75688
62688
41966
77310
69533
22995
82160
31375
93600
18939
51683
29843
31007
57069
82709
16528
21965
2158
52920
43052
65174
5358
13436
5123
64932
27483
75762
38321
7270
57782
99997
29960
15809
92581
1690
76562
52527
30689
31394
31301
85212
86357
65954
63315
20506
44152
84232
64319
6562
9920
62387
8718
62103
40873
23397
32127
41014
75
13044
7634
55935
46724
15025
1900
89407
89768
70942
81525
49681
89122
24331
37250
60262
44196
69342
44173
30287
93749
48082
55981
1973
3802
23252
82578
49528
72319
55411
78280
77713
93544
81366
44365
34518
96519
41360
29544
22247
45747
73926
64018
1248
34224
12360
5873
81096
63632
1803
91307
67854
75958
55258
61935
83571
66079
44924
33904
25637
19517
93067
4626
53312
47551
80326
23353
67245
7095
38316
52542
46781
93524
56001
5156
59868
59908
11048
83731
94293
11467
44911
61316
10377
76211
83136
63613
76766
86258
40286
56914
381
52952
6038
26908
72471
19254
75460
98848
59562
27245
34886
8313
50965
24779
99258
63045
18549
47712
63676
61118
15690
56313
74011
36524
38369
41614
14027
34528
86282
43598
12193
27926
81744
41736
60171
77782
29294
87799
11324
71026
89567
54408
54741
38921
66322
61761
46419
69164
87302
46460
52297
2054
57985
45241
14939
95577
88385
14452
82883
95451
12332
53794
14213
75011
80549
22488
59175
59735
46111
47395
80693
97941
45024
95189
8956
61340
19514
34832
67549
43415
77787
55660
391
55732
88476
28674
20873
74615
84832
42580
44937
56543
64817
35099
32668
79957
8707
89745
26459
54093
5171
21349
82690
5151
20138
8543
61892
3108
80224
81005
33013
93281
96462
68602
21589
83423
93178
75775
1397
21858
62666
48694
20343
94593
24773
67211
99294
29607
81997
46065
38351
26577
50612
64663
94826
46440
58861
50392
97343
12157
76038
85645
3959
1945
27813
17782
66027
62051
41930
76809
32452
93702
29964
13991
26157
25559
79091
4949
77966
44778
80469
74390
50269
61115
69254
59245
27232
82546
80874
56052
73626
59626
95171
97585
67485
1219
83951
44220
84392
52895
58491
91168
24188
386
62581
34681
19519
33776
30729
34303
82244
93017
68487
11050
6499
23847
5703
55375
66145
45404
92402
63020
78794
71018
67051
42401
75035
73351
4448
19358
61906
16929
92423
53438
27877
42172
33563
73920
2775
22534
44412
78011
55963
31589
75542
50782
34528
5494
48440
63583
97484
62518
92135
27992
9396
99219
25180
36732
45429
5303
14996
2822
23157
84992
46065
31715
16610
7730
18053
64261
47659
97474
25075
82421
5742
7076
48031
43411
74994
59498
68582
26512
65122
91768
47016
36743
31409
17155
55621
10879
64541
95966
21010
81623
50492
86376
81338
65035
97802
11658
31442
94267
96116
82801
81567
28968
70057
21487
56343
37623
38003
58835
23213
52251
94208
84343
47020
18657
54057
82395
33401
59756
58466
65685
13911
41407
48254
8409
19217
7999
92466
49072
30238
25184
24967
27747
56810
39032
94621
40894
41694
6915
45545
39452
33234
77386
68475
87965
79106
44507
36627
2847
88524
47556
94904
45518
21697
39052
69156
96312
69471
98439
17027
53930
24093
90502
26786
72839
10657
16795
15802
95086
16979
3477
45268
87707
62927
80767
66704
20577
12027
1649
26270
59318
25536
26304
42947
95920
2964
16989
26695
12584
61702
85407
32447
99083
73433
20562
72630
86009
7127
46857
83262
68582
75977
11982
30670
58175
27784
40843
84611
38084
67771
70767
11777
88103
97792
93017
49984
88154
63005
17753
55824
19725
68177
5539
4195
8372
35827
78785
66791
50529
76689
92505
80356
58906
87293
17359
82484
40756
75649
35188
67686
90435
74935
19287
44567
18961
11283
95216
85531
87236
25690
20743
697
6006
74822
50469
23676
73257
93808
77764
26638
27450
86251
9258
23995
39491
52601
59135
578
85123
70758
8438
81157
5275
8189
47930
88334
65037
5375
93204
38858
90985
11057
12106
23571
86391
77255
43316
9626
10372
25297
62493
57555
69126
92651
10053
56731
5238
55851
87618
27103
12763
63968
20764
74178
19915
83540
868
49617
51514
29745
57435
96612
63397
3521
43801
31764
92771
45705
19491
6498
77434
54562
22730
32603
29512
74451
7658
17883
53213
69287
10252
43526
77097
10798
21002
83585
26610
89876
33516
71202
925
81122
93261
55134
29764
19616
62916
47477
66054
59582
75613
20377
88032
13847
45544
53572
21357
59558
2244
10775
98347
71595
10056
94392
30347
79244
28187
25921
13657
6676
3689
63016
67333
58786
30434
50731
61507
23999
28841
65207
45611
38820
63902
90109
60585
63475
62540
21743
65548
17395
3072
38805
50043
24737
36143
50958
968
75880
56482
44677
11204
91760
52295
88660
41684
30283
86908
972
78018
97095
30964
44842
77746
93229
74581
43906
96615
6510
60781
88125
41980
12134
3114
43094
65415
28385
96667
82939
6783
75634
31772
31873
38491
21273
40863
4237
51227
7916
7680
18244
69140
13350
91778
52132
603
55649
27028
73632
17263
48396
13427
74081
95440
47631
75264
74301
22541
8402
82702
93938
68591
48885
50469
26560
92409
57321
30169
39377
79673
77734
81979
90635
52611
49681
56027
79502
21123
26809
92114
84898
96297
90175
79079
33021
91247
6354
30556
91788
74516
13251
44777
83377
45531
32224
52554
22008
80935
92711
62141
51139
55129
88497
90407
7935
24642
68199
52994
57493
23816
32268
66858
80697
42244
69096
981
40206
97630
95599
16234
84768
14645
98932
42119
38069
14124
76810
54558
51669
7074
44260
50395
52048
20170
95930
65521
9835
30743
65847
59777
2429
85263
29642
48339
28013
93367
93663
18744
50168
86819
37953
76551
30265
93037
98279
50930
54588
96939
1193
96909
71668
62236
36977
63311
92046
50682
45709
44508
19492
68784
20935
28647
57955
98729
5440
49356
22387
32774
28651
57041
60574
57062
16711
46459
19378
23559
79203
51211
78957
64800
31533
96132
85590
42359
62537
6554
73118
26440
69589
40636
51922
28533
66810
55773
47069
62785
14192
87638
35323
14741
71524
71953
35919
24717
51239
88525
15851
34079
92299
72427
44890
38479
13559
21866
75451
97817
68455
30936
13295
15100
45833
21386
85922
11537
93655
58247
31679
19142
22692
75269
62288
79287
89325
99872
63779
60826
23654
85785
81570
92787
39937
38285
95324
46590
14968
17235
46860
61301
59594
24651
88458
34573
12915
21192
47958
29643
83706
91940
36927
16522
73225
29132
966
13412
67358
32908
65340
90464
65215
71740
44302
26537
49958
87877
91531
28360
42847
28892
61960
32175
13848
43657
74923
86446
67544
82456
31750
31794
61490
33473
52851
45821
73528
67324
31201
51645
803
95901
79019
64284
98762
10812
69999
60316
20138
81117
36980
15616
41561
86717
32614
92168
20134
5740
87126
72481
13270
18132
39585
82490
59920
87672
51063
95195
39629
48130
97490
87516
63402
34184
38607
53459
13079
60259
81449
80103
52145
17300
72093
40271
70263
40289
23108
24286
15835
416
24842
21155
58787
78229
80599
83467
20573
86378
24350
81420
84465
57388
83512
20269
58641
26645
17717
29678
67634
9418
98473
23265
87176
27488
39568
33218
83780
49297
71175
13374
57524
59842
70982
47488
66955
89933
7113
22493
22679
40818
31964
54770
46237
40892
34101
46918
14548
62650
98295
83119
53119
3127
48541
30322
259
74846
61387
780
68993
83407
54795
78879
25612
2566
93021
11540
54402
3004
14133
52883
56801
7210
27013
73170
23021
12261
55780
52070
59554
88991
49016
81799
23014
32819
12053
26374
52103
84951
32526
70601
64900
78806
9639
17368
69358
60705
74053
97718
40162
19478
60444
74393
8681
26329
86125
59105
25762
56166
36092
57984
1017
99781
63013
64940
54953
23028
41153
73823
58647
33534
13232
28104
83075
63990
78968
76664
49654
42620
59481
18901
90248
52746
96796
65024
84557
82478
15944
91953
85698
23507
16334
39721
48757
19889
10578
56004
93821
88649
69779
88354
66123
66543
83034
25109
58371
78858
26441
97007
38768
15304
74746
94720
67028
289
27431
14646
24
910
88349
