71960
92602
1340
5466
16742
60520
88580
64261
6410
53160
84162
84971
99144
82960
21666
55534
60229
4804
80692
43313
41440
78251
26676
17790
75862
45233
57270
98164
49004
35381
95046
53393
67349
59542
84663
99895
82742
65603
86065
5201
39009
41554
28074
32331
88350
8261
44491
35048
62594
63328
70118
25841
1591
84190
68460
29730
55084
42874
34964
85599
92041
7896
7427
4934
61975
48185
18292
52157
50590
26457
11339
28103
33005
59848
89872
35410
7677
68259
85797
12730
68665
21047
90973
54664
64602
18991
11858
32126
90836
52686
10953
81329
76723
2327
87536
9207
86615
47828
99869
58204
21291
3470
22763
34863
15464
59636
82149
8048
10347
38396
13500
83128
64205
8737
31506
65746
23970
34040
17812
31790
15592
73955
30427
50333
31307
28687
98511
71648
