57601
49220
91201
36708
88965
39837
72612
87774
15295
78797
78318
32953
35724
17553
32823
78051
79987
85779
37959
1546
86479
42456
6872
85786
38772
15876
43829
54262
46257
41488
78048
33848
61490
4944
91979
90637
23017
78338
55409
16798
95242
18396
52938
79875
19389
54128
77832
69639
50827
68181
90395
37512
17124
79540
84348
85285
91857
21336
82809
29399
278
40520
71217
60555
23298
51413
74935
15667
94492
58684
68089
73117
6794
74976
15908
37276
21386
98053
28220
77715
27800
92579
82633
89788
77254
3531
42208
12757
83504
29362
11981
54383
85919
74200
37496
37574
29516
31775
47289
44111
8484
33658
82774
33301
98858
72711
18966
60191
35555
70165
8029
99218
17500
31703
30163
63579
16681
52099
69402
94982
19558
81298
43136
95326
65191
42392
83689
83236
10564
31851
46157
90844
87460
80523
22047
9846
76999
32222
13872
75054
34994
99586
79569
5208
74913
77638
88418
28381
69466
11749
73182
98155
26263
91877
11881
1612
67999
20105
41508
38222
67875
40941
90677
4632
99984
4132
94377
54546
76658
42410
19310
31601
60359
69460
88405
8026
41
47020
47382
93999
52255
84712
47334
41259
226
32000
59171
12194
74649
60999
94396
8242
55150
93207
383
57046
11220
5132
58879
57205
18942
70063
83667
39374
29763
73128
29121
30809
11278
15648
1351
77785
10709
76312
65912
73256
96483
16746
62168
98373
4580
95028
57642
82216
42594
63626
83981
45185
26641
92791
71443
46289
15322
32057
35188
86075
7591
63657
9830
93247
61554
55838
61911
25305
99282
66692
34738
77445
59419
2270
57040
40762
51671
58306
13962
50001
21453
58124
73308
69051
33263
28085
83168
97090
62386
31303
33696
55442
5287
32181
67852
2418
53604
62843
2030
57981
78455
12864
27425
23858
70367
79354
69008
28371
10446
80961
10234
71185
541
67226
37562
47214
90120
25497
6688
36081
28487
50357
23216
53846
97319
87789
49517
25612
62605
25349
50407
54970
48166
66161
52041
9131
44813
29170
7831
49228
10023
56839
55939
45044
91283
5322
15823
74010
85096
59794
47100
46320
83430
56724
28833
70196
55587
26353
66788
24421
3308
25094
49810
27634
13176
72032
10162
16146
57388
50629
7164
79594
65759
16735
13626
55743
66306
32354
29034
38223
33434
8916
58207
38192
48100
43246
8492
68792
17879
66596
76553
88140
53519
60717
22658
18398
28130
75499
1306
12821
81239
63542
44140
86459
17093
98245
37051
48967
80574
10235
54101
6737
3902
27506
45069
53299
72815
26056
48170
54546
19837
37152
35568
20467
65712
18082
38723
12609
89834
23987
92798
1214
16888
26453
43892
24477
14103
97448
99060
19786
47713
50550
50853
97918
22496
28885
55644
36470
74016
75801
40906
37131
81849
64145
19329
63299
47724
86331
84369
73468
99666
22051
47272
52921
18152
36566
58772
9474
19825
67981
21515
12931
93731
66548
3289
39951
98063
48998
53468
46323
61017
15519
8211
39005
40658
88757
1282
48892
42789
46208
42498
8175
93441
40139
9799
18670
87668
24582
79084
97513
28521
84319
98699
96421
28879
41970
25576
21347
19155
64702
98113
26393
26827
5323
79428
68428
51779
45329
18930
63163
37314
39429
64048
84960
97939
87228
22792
16037
20321
58601
36318
59024
18092
78609
44547
74412
25185
7863
33217
67581
95029
3791
29849
49447
58852
79552
22590
98382
4752
49816
24900
36393
89651
57965
15974
82531
89885
82169
50857
53915
26156
26647
14489
880
92868
49823
4148
3376
64411
78180
53846
31884
82523
63771
42906
24953
34265
65374
47126
29539
36410
93593
99080
71113
606
20509
28786
17096
59759
17875
79909
36379
90454
55394
25719
89683
45377
19042
63539
66862
74108
72442
85811
76971
47535
65262
6571
43542
88341
74906
86664
90473
51435
60886
67497
62391
60788
14820
13006
45491
88062
1382
26958
10212
75670
44247
66434
17600
62208
70499
5071
22526
21101
72715
29186
82384
36686
12433
73598
86193
87190
95536
760
61220
76186
65133
6647
43958
34299
93185
24021
16244
55618
65655
87406
11573
26900
65752
56122
91368
10940
21284
3737
60700
89327
13100
41422
1722
61599
42701
6957
83530
56138
601
99607
64274
60168
62368
37116
54189
53325
39677
6930
58380
57842
11272
3592
8353
98643
54412
8540
92425
18947
59486
44324
9573
23937
15368
55902
31311
3842
4863
38161
51727
83864
64838
12576
79272
63827
14598
63357
16881
25936
73992
9107
46607
13689
24238
11304
97328
77563
58185
21232
73224
75482
24435
62917
18674
82782
77589
50397
37181
23819
35122
84059
17062
32971
40985
83024
91600
80320
391
20542
34960
73163
68498
61113
30057
83963
11822
87586
94380
36645
38873
37180
46689
21403
79362
84782
6663
39571
43062
73534
8160
9318
96461
97007
61286
41146
29735
55942
45163
338
67318
32762
4989
66545
45417
91986
39548
25034
78285
85201
44901
95340
94884
39639
16815
9007
64813
92477
30221
72431
37810
43410
80980
1717
77876
64470
60726
17385
88624
5912
82010
24930
74053
46546
98531
92446
83540
35213
16672
20303
26664
36120
2917
23334
6381
79300
65690
58608
65923
83828
79653
50741
71715
45953
33224
95314
83013
82563
51590
6324
1998
39839
742
71500
89329
23003
14501
6645
92216
17058
99252
51791
16698
87233
29158
63884
30085
27646
25757
88610
16396
6735
79526
34611
43139
28093
5006
92398
92178
64912
18552
81766
38377
48074
12596
72389
24582
61443
71864
39795
47217
98818
74866
7841
86099
46011
80341
35443
44876
9828
31651
94884
95559
56881
8475
72937
33278
53187
68298
59724
57771
57605
11004
54827
54206
21023
12773
66803
60802
43988
68129
40412
29611
10780
94435
35483
54565
63082
14655
71385
18551
95352
88938
79165
31117
15778
2353
60628
97091
76532
34123
62588
35555
70823
61826
4080
70854
64308
95725
76876
70910
84727
93939
98594
87291
86975
99952
46603
57479
74359
60183
19712
56923
12992
84567
32384
43197
27498
32848
48354
33664
43667
42491
98406
31706
64987
66882
62522
43581
92659
83026
68884
80912
26432
89917
59513
7452
79326
24535
42589
7083
90041
51527
28404
63882
76313
20365
66927
41564
41101
28194
63192
25485
43978
77467
13884
51286
5680
8954
40050
29507
60174
32898
48481
33337
38513
88465
28509
69685
57606
7311
38495
65643
74384
74981
61103
81310
2820
14055
5463
68372
26360
6159
80504
47907
20753
10538
72875
80017
12063
3785
56434
46630
85012
41638
41444
71203
34337
63984
85566
1275
69528
3144
66990
98700
14536
38683
34806
21695
25756
16949
15332
27214
16919
75129
27739
23923
34322
42431
65216
61407
18878
7515
47487
20373
94823
26472
74634
24121
20696
9010
23891
31060
9162
47646
47074
61356
7593
15586
33048
87338
98008
25899
36916
62242
2987
58416
37298
19755
91665
95229
55452
94235
5284
93752
5723
19248
42821
16281
10124
41888
61834
16908
17982
20667
64888
27138
13845
60255
17583
10569
70601
58346
59436
17710
36693
74436
95401
70941
72377
89201
22585
65890
45761
58522
60821
22222
92862
98633
1579
25541
16732
14311
42215
11514
32744
7681
79859
10737
99094
7101
29972
43511
83712
29061
68261
89576
76504
48917
49630
98342
56236
51165
38671
94082
77432
57535
48866
95687
18859
99938
1070
85603
48980
16029
44517
75620
70963
15481
39875
46641
78696
73634
35107
92113
46836
6394
49949
23788
89648
84675
96353
23008
57500
50903
73413
71312
42517
7336
70689
22783
22228
20310
42245
43452
65581
57000
10015
19832
94084
13182
32632
55471
1981
90466
70624
73502
4935
53946
47855
94054
40003
48388
58391
4640
4527
63413
78584
88320
79187
40236
94178
34153
48073
69685
36240
8123
43092
71809
86791
63033
39665
33528
53464
53158
55499
57415
14425
4762
17382
59611
96249
25360
34411
57960
38517
57815
72025
47968
23273
96886
36988
89255
91572
80079
75651
40179
26454
38845
38492
31488
32071
86568
1301
32801
75304
61855
14226
31059
3397
52182
45588
64046
25170
43634
531
13892
5172
16937
46258
12017
57618
26922
87076
4456
41525
78030
86719
67425
40097
67752
36755
52998
66872
82926
67340
58030
38259
4997
84031
34225
36690
25910
20008
42463
7075
38140
75054
10576
23841
90675
77778
73165
56162
5215
28084
61230
88598
384
83584
21214
27522
11724
1629
58529
37447
45809
71801
96698
26839
32831
97097
85895
5939
1448
67431
68318
10191
15616
73061
69731
30100
5675
36302
16591
82754
946
70421
10385
28611
25235
73371
21089
36334
73038
86074
96095
52586
31791
40085
41786
92462
47716
53477
27238
37911
84710
32453
37105
50021
47356
95943
91074
82695
41652
49578
51135
17593
33945
51617
64784
8631
88469
23476
95851
7900
74899
93164
31558
1743
49256
65438
17345
52092
43877
16462
32345
12793
84209
87160
37672
7335
91302
32271
3154
41410
69020
44832
39911
77354
42001
80920
41088
32558
87515
16154
72875
53145
70749
48921
79936
34927
76133
11637
59386
57154
80493
65069
75477
42131
1266
84758
8069
31950
34973
19785
31923
93239
90165
16278
62028
17321
5282
36755
90618
48312
86455
81878
92915
35570
56813
25724
69350
48782
57929
29672
34429
96235
71150
19863
76404
76912
340
54697
99190
52335
28693
21485
4752
5909
65821
40103
14565
70852
52044
9644
61122
55048
56480
64369
23249
73794
24466
21283
48087
64709
36674
60509
42794
4320
51954
87808
70935
26756
68249
65940
73562
93880
10400
33313
71941
91150
75009
94470
25243
13714
50304
54167
72788
8113
93570
52214
8793
88372
6108
38827
2226
34975
68551
27961
95923
79036
3573
76646
67626
3742
86449
27148
14984
96407
74046
89044
99643
77977
51118
22392
7127
78430
748
42761
99159
5426
49148
27238
51244
30234
81993
82000
10408
4271
61568
41802
95727
4508
53513
21786
37386
40676
88960
66315
59668
72830
81956
49899
25597
75784
20972
47697
7010
48118
3657
83912
54573
16954
26272
86283
36384
79582
91726
32834
9036
49391
70098
86474
62481
26097
12735
86485
59275
43359
50242
2047
79075
50719
26072
71181
8060
61760
66415
7826
59078
16549
60052
6360
40525
1950
88550
36846
59881
83476
32494
57463
65
64460
1514
25233
80109
53468
18833
83297
89926
58234
10504
61762
43230
89431
69704
50840
96272
94775
27124
75199
4009
72491
31859
56915
54595
83959
79235
76352
11538
27355
77961
29049
99568
8126
84736
6617
87410
30977
47783
66625
56037
57762
73302
66166
86467
40290
57194
55906
57013
47474
5346
1283
52985
58705
80427
80854
68993
74750
91547
31924
38481
78317
32045
27407
18389
59852
63625
80599
11484
97196
81532
42392
4698
57310
14482
63896
39487
98853
90733
22258
75470
56401
17802
49044
91378
62718
18947
52142
66924
84511
46379
31073
27149
23950
8726
4583
94390
36285
13044
77245
79458
78523
29984
15788
34397
51029
12668
5813
52598
44382
70453
42233
94080
87444
72534
19064
34550
34637
32442
62554
6442
23499
33194
13710
69450
73001
70470
43753
77769
65228
35033
30085
57084
48171
12489
35589
64104
3860
45229
4795
6347
41395
4523
50063
2427
10639
51602
48820
18245
53133
9132
31122
21697
75622
71063
31862
78785
68273
72839
23592
15886
83519
93018
69557
20210
69382
22990
36508
76584
64301
5399
61902
35577
66353
70893
70902
60435
72630
68702
56686
81008
80918
18124
44607
42886
48888
37246
42850
87740
43964
26556
97110
14013
24737
81435
24499
3688
97729
68388
62566
38126
34722
73034
70463
78656
17213
47337
98238
97657
53766
11923
54813
53109
36805
17345
10001
47950
44205
78928
79629
45205
12112
9963
93646
95073
78705
27939
7241
21561
11852
72579
65055
82567
57924
96967
65086
25305
11447
50750
59427
42095
74241
49231
93731
77995
34546
87063
32800
4303
88446
1980
83445
64946
21972
13030
27738
94996
35571
91336
66802
93219
99797
37403
15811
82840
87024
95089
78262
80131
42557
84809
42434
8369
5872
36050
14088
61339
53264
51553
86046
59751
64988
99529
10705
86117
41770
87171
24554
34351
70794
51036
22015
50421
38940
84965
43840
42456
63157
52645
57023
94961
49187
11749
4678
73567
8579
32015
49354
87162
83580
91551
60623
90448
45193
90871
62220
51027
94572
95754
14781
88644
82640
13033
11829
88192
3460
33359
12003
94434
6469
98357
41864
33057
75617
18679
6168
4809
6414
69742
94738
69365
4174
61508
89348
16658
36922
54010
4508
53141
37929
41246
37840
47280
28304
33905
23002
22093
34836
43772
26701
44182
48833
43117
94873
64715
34304
91612
10288
66525
29145
10579
35208
89423
66873
18465
35718
24358
26358
89450
98421
34553
10318
25449
61043
58444
58672
45471
39757
95384
68421
27232
16265
31800
92295
82725
60872
72701
37866
34886
51683
58485
63613
97670
46316
43378
79
94295
84812
78299
79603
49117
13260
80596
29815
72695
2537
81324
60280
58143
29378
36688
99552
41398
97138
88845
87448
60639
55861
99543
51119
44944
6288
8227
67357
13622
89847
50371
29984
90979
28410
48027
46151
2203
76193
58401
31626
12331
89624
18919
66945
82303
92881
99913
13255
32493
61505
75573
17450
16947
55793
27804
90534
58167
16356
59592
14186
13777
75395
51420
52357
15271
6877
43285
78028
77648
22051
15337
77224
62421
17533
70150
82189
34273
60436
38087
58344
65988
12512
50950
10033
12396
96708
89541
19746
39401
59273
60369
20166
36218
6396
92476
55983
10453
49109
63226
43579
81675
11356
2949
26384
8556
91139
63286
91789
846
87494
16848
26826
87969
9125
8567
87538
81245
15979
84891
25383
95142
13619
20937
14975
54023
55198
81026
88288
24256
58251
44979
96262
57141
60815
46250
39284
14853
24351
26582
72621
48182
49145
38018
76177
39804
60995
43939
86814
50935
95792
33292
58541
49760
18063
29965
95761
34059
52154
50350
41968
8258
88810
12403
33186
64479
89849
68009
28146
67591
62090
14904
41420
4916
11806
60337
86
4674
9548
38209
18676
58440
73779
49285
80557
98603
54933
46382
3473
88341
87868
20845
7826
32946
33114
9303
36363
77364
40964
83709
83778
45377
82918
62145
62383
11022
58550
68659
88308
88692
15773
66715
17553
88996
80346
79068
84297
67248
36650
72547
97657
33086
48461
51530
70845
61421
32832
38871
46288
83673
69771
93874
2099
35258
61666
72648
63375
29888
90753
96950
91335
11934
99932
2863
27253
13025
82692
36332
20439
36575
41969
68266
58353
33464
38208
30092
81025
84349
46342
68556
92819
73447
2174
17446
76103
37588
13617
67315
47630
91872
87155
30493
66244
64783
58401
30280
85994
68641
97458
85101
87643
97597
55301
76262
82948
57500
31811
59963
26095
25495
48103
15357
11266
71454
86026
35363
34508
27242
12063
40983
16974
53606
91071
6903
69886
50890
5141
95034
25809
90609
8929
91323
95323
25641
68779
95755
69983
65053
51575
18963
75566
24496
26115
10335
89414
49627
72025
9295
11759
90719
65513
63265
21809
42844
82400
10480
24308
64554
84255
79762
43922
33531
10044
47772
735
94459
20942
75629
61627
36919
98955
47022
77510
24025
86043
9609
59666
98340
49372
55646
95548
20110
46980
50103
19815
57287
83079
9493
6352
55535
29090
89337
72233
1716
42009
67467
53953
36651
73840
96647
91795
49674
62948
92147
92401
78266
56390
55488
91704
26436
73156
87228
54790
97891
42515
80185
90780
33932
28306
37813
71569
45510
33349
86257
46340
38606
19870
96738
52799
3515
72894
12431
19315
97532
96834
94869
34374
99324
25959
367
44858
18175
67599
89151
95665
27737
48346
31674
53894
46243
86844
35744
71152
44032
78718
37868
84268
23008
55444
9304
13536
93752
34910
31133
65029
15749
69334
17544
5009
92472
78874
94428
53712
64536
23029
96946
79712
63739
7548
6465
9079
17076
66501
12899
11955
19353
65447
50077
39514
54556
60300
55815
88490
33875
78532
53448
4500
61541
9765
56025
61665
54333
58672
55134
74281
33522
61550
33181
43952
10564
59825
63663
90018
73568
19481
37528
4481
89975
44851
17080
99461
76676
74714
24105
49971
66735
84103
64776
6669
43581
10645
63487
87765
88593
67603
71042
48707
98070
67067
39127
59047
52641
81790
27785
7906
27422
77678
44360
17919
18758
67171
27096
41090
12200
7970
17370
16190
8584
60663
73011
28920
27099
24725
83556
67922
39096
61978
3369
57956
85434
13001
62141
96946
73394
50905
90780
77742
28606
55561
8539
88466
37479
87769
99447
72727
13477
29276
16933
30132
93262
8677
24205
11072
10236
76341
23782
6665
93887
64926
56309
22349
41116
82615
82250
86894
61988
4300
97989
36932
95768
95548
67586
80487
78051
97324
62040
26007
1240
37510
31558
20645
48966
85449
26283
69
76366
13646
41559
20496
10341
4011
81823
50560
21476
60115
71083
66447
87514
30751
61278
44588
67355
21214
40406
99381
46125
80158
53599
66299
47077
93084
38061
1558
49035
94206
22159
60485
53004
84265
22064
88222
84513
55959
65488
5216
89000
79095
38905
45808
50309
97619
37071
57964
44704
28514
23791
70599
31524
70679
79589
98032
38943
45659
67891
95668
15685
76606
95982
90331
69853
79311
38245
49256
3638
39649
37281
97487
56368
74298
94471
73535
93335
79245
26997
13910
78241
14826
19458
92611
40331
92283
42753
57667
12858
70386
44397
48449
743
33737
5847
12741
86503
30280
99556
26086
30297
72715
27540
97244
74693
86341
79599
6511
75635
62050
69276
13496
79597
83245
4207
68148
46361
96745
4227
64583
39014
35328
98305
12142
20347
81077
36158
92835
38717
67440
24020
17646
62513
49767
51040
97749
79593
42304
30597
93431
30996
76357
55913
65167
6801
16841
98369
11566
77336
23069
17947
22491
99766
70360
17721
29529
43705
19194
5587
94593
24480
7101
60585
17408
3813
15256
34522
55209
66394
42538
83159
31719
68684
64050
48449
40883
67646
64253
10110
12969
3544
55790
6287
34467
21931
38568
9370
83620
65155
16687
41731
6893
38827
68911
93106
23
95063
53477
7127
50619
28841
68554
79600
67401
96067
55509
67034
96420
33356
59763
17732
12121
67490
54707
29051
84358
90676
62625
37748
32011
71147
21795
85745
43432
22577
37231
33968
51636
18689
75732
31440
54768
89480
98038
17907
12408
14497
23779
19373
34802
14625
42220
1467
89370
81441
32265
23988
780
33378
76642
39341
94325
12146
30851
39729
58645
78826
5782
13974
34072
32531
45575
98213
43667
51137
21322
53983
43432
34839
96360
76366
28589
96306
70347
8940
30831
40969
80906
99258
61131
7860
33350
46433
49477
84026
66734
59026
19514
26519
46741
41144
66863
6406
62688
2475
90994
99049
31103
78616
54619
91036
82010
56110
10574
36725
48694
11913
93893
74699
74327
3083
231
66013
99406
29593
84145
36338
20602
76387
31187
14265
4996
26808
3750
18846
86897
35045
61228
48138
4422
50840
65335
49048
29118
72843
89230
9152
23870
515
82430
63614
66840
80757
7109
62982
1039
43529
51959
82003
28964
21879
57098
83171
38927
42860
28656
10960
77346
69612
20527
64019
82877
70420
77960
33085
87876
3131
34824
500
96897
27534
95549
97698
87315
28941
42161
61899
33222
23896
49945
40666
77165
75495
65642
98012
99368
50317
73807
83706
23853
60742
66482
38802
70118
31108
7082
95509
34486
61710
83097
21877
40737
34055
20615
34244
81718
38796
88407
22409
55497
94826
63152
76700
86368
20492
85174
51431
61604
11395
31292
24588
55360
79575
16673
48157
59844
15510
59801
54599
96743
39274
80091
27681
14392
26987
84830
71081
5714
93820
39598
73965
24288
56235
68147
61412
29637
4430
92038
49950
95446
34788
6312
82017
12239
94965
88304
42962
42680
84084
3805
16862
59632
7993
91128
53715
17206
38125
46762
77111
42878
65493
24669
32473
13670
29493
52689
97253
29681
30943
89778
11654
25982
81142
54804
91057
31225
68316
79594
66825
21263
41909
11337
34014
68202
11836
56063
50915
77141
43456
66117
44145
2291
12559
19481
18908
9438
67107
85894
79241
83988
86707
90294
88990
35280
68132
68789
4302
12780
22780
1678
85472
37213
61289
16593
37289
48579
43794
30856
75596
71369
76628
56812
33229
34769
1198
29366
3667
41258
4529
82528
55078
60329
48364
30969
62082
21523
61899
63875
18411
40142
60997
8045
99211
71735
27760
70717
81124
6744
54695
78835
92116
15812
92276
60326
74932
92738
48535
44028
75948
98361
48733
48386
18037
14120
52595
10752
20347
51787
37644
44687
36274
49835
41111
41147
55763
90885
20270
92208
23213
83999
44741
62228
75181
47900
96129
86461
24520
28080
54111
93117
43588
27233
57908
68489
96210
490
42273
28609
86713
7537
2593
40218
29960
8326
98885
73411
92835
76629
9448
99378
20841
46679
26223
13086
75585
18279
78955
19427
5488
47742
26270
54841
67802
62442
71986
53053
78286
83587
29383
19848
4032
47609
68649
9128
60695
61692
98460
70988
14573
36358
81364
10026
75376
39395
60514
2200
33624
80684
52134
32340
34086
56625
30844
26103
81369
33831
11162
23239
74338
59040
25778
67801
28841
45486
90304
89077
23012
70074
21103
37286
72103
72967
83854
30964
40382
54475
60764
24104
31539
27949
38625
61539
67754
54610
529
74396
90037
26767
41756
68114
71451
2846
69131
33898
29863
86962
42719
39268
18373
16130
70208
93637
24613
82611
38907
11428
32274
14975
85369
52870
13143
69052
68740
51729
23183
54391
32694
60554
42852
27706
38072
6704
60692
63300
57550
88025
95799
55009
4967
5217
95854
35249
34614
73660
33699
75193
22786
21483
94613
90504
11503
56886
56791
9972
64319
91564
36339
99268
34993
54309
27910
22348
27363
31070
95828
54836
60010
72301
59726
12224
89734
18011
58260
42502
12028
18003
20542
25564
56741
24297
44089
95516
56050
36497
50961
99438
18844
85027
55849
81944
55952
30488
74432
14327
62167
40926
24281
86529
19349
16494
31199
43301
50511
18669
97150
62580
65820
46995
92398
89037
63549
31987
28460
20978
78004
85702
14190
32450
30240
45909
71079
51631
62223
97348
84874
45309
41747
79912
67417
78100
42144
36095
37511
59313
96278
60316
21470
86482
61733
13610
47970
18817
33451
67740
42930
7468
49900
60363
36697
88514
5586
43349
58819
37780
97366
14151
40410
10271
35167
70160
14775
63425
54133
81966
4029
49737
39814
33717
39380
38964
31207
33348
10860
49341
89357
38792
62931
69421
890
12223
28539
6050
30760
78609
99740
95115
87427
81856
5708
15124
83440
46460
95809
2076
5056
72658
91495
3794
32707
54322
70391
71928
63310
13881
1738
98472
19845
64525
74897
97603
58199
68125
32792
19608
62082
46172
94782
29555
85879
76994
39517
98464
82371
78081
93900
24754
63376
31230
54594
72750
23419
24550
53527
57934
93268
86042
3350
56933
12887
59011
28980
37144
12318
5601
10343
64264
3546
7859
50717
87827
16953
77102
5304
97919
4184
6725
2277
43149
88542
36316
74898
81347
61859
72169
77215
8086
30844
88572
3356
30066
75157
71071
11416
79489
43097
66617
47724
60218
15034
84612
68198
17926
45189
99326
43343
92432
92527
85349
32487
27289
70232
91240
28908
68022
15195
86939
39892
2929
80573
90439
59198
40852
12847
75097
29625
71038
93290
84424
15863
23315
76299
73440
12660
72539
83415
12508
38426
9527
79617
95750
15126
57260
83195
97593
5068
80841
60561
93305
23872
62608
56825
83004
13963
67468
6737
24551
8558
96492
16288
55848
19648
20461
20598
11673
11491
12880
82229
16904
41665
80404
73119
75192
28798
67077
73897
27687
98115
98331
11359
43711
89114
94026
36752
45466
46727
22456
10542
56100
43439
2809
72466
99038
4984
10969
89518
39960
86494
30079
34247
32277
73894
22847
23750
47973
22175
16380
25135
2375
27990
26301
87420
409
33129
19931
79334
16367
86987
80742
39323
93335
37171
6979
20281
83220
71692
28190
56857
41942
89349
27015
58829
37685
47447
45804
77752
424
74829
29600
88047
70953
19851
87897
45481
51916
59471
21778
11523
40916
19678
59665
77385
90998
69769
92051
1197
10199
65279
47818
61049
12810
41164
96287
25964
34177
33907
27434
26014
6462
3314
56214
4806
92594
68238
91964
59166
46834
81722
15915
64653
56050
55203
49492
88873
86613
55915
13023
71446
63154
3183
46208
34829
4870
96008
53022
84751
53061
19377
37730
86231
55915
73362
59786
66039
92819
71710
90128
34706
21569
50588
2191
24971
58247
37242
59228
6052
79273
2291
75743
86920
51378
9632
14066
83092
95907
44172
29080
85383
56942
72973
41139
32122
3341
45195
56566
4021
70022
62852
16935
73923
34446
12423
1602
72880
13347
29615
98196
39258
68023
13416
62815
48876
78244
57494
42466
12616
50984
68340
880
83394
28447
52893
75796
66711
62546
60377
29943
16629
36936
19977
41094
21577
34951
61186
81958
33127
80771
68214
74719
38664
13121
75362
54441
25854
88189
85973
3437
85782
45936
69701
81353
90178
34334
96767
10764
12416
7612
19346
40821
61037
88330
7511
91871
2061
4806
10042
74080
73626
6771
4432
86806
63409
51159
86115
62980
22866
47276
83955
50686
53455
67019
85088
82046
46575
71041
98702
25131
90324
77345
65312
52947
48512
57132
1978
25718
41371
33835
38614
30737
36103
92759
68836
30197
87209
99963
13992
72223
89763
14994
86402
30571
27602
66041
66824
35005
14183
10440
85408
7363
48309
17862
48945
89466
63795
97913
65754
31271
14312
25366
88264
34371
18396
75130
34657
88877
93032
64624
51005
40282
75109
98224
26219
71107
77700
11337
42547
72773
28157
65053
35045
20656
29294
50989
79363
33119
13657
58279
48335
59173
46739
63410
65434
84694
25011
99912
61452
32228
8793
73827
12402
92813
91608
87636
89878
58155
14920
54652
41216
74849
49030
48476
1964
35408
5202
97129
82080
4221
97336
59314
29036
32564
85629
33926
29946
62037
29484
12414
5458
31186
97235
44029
96431
69042
98821
31700
34783
23854
94934
27803
50912
15150
29102
96752
81105
15257
41332
95010
91592
89034
15902
39904
87481
14287
21896
32985
9176
3523
95987
51075
12844
85785
39839
99517
5750
60305
4830
13556
49759
11024
8908
98862
933
31668
95039
23563
57631
87343
89949
41410
23413
19025
15210
34842
85400
21804
37711
90819
50932
15233
86083
36674
75960
10470
25731
29772
74410
94193
23315
97367
16742
8270
28955
53821
7662
27513
86691
88005
17516
68350
46245
43450
51754
18421
67137
44308
63650
2914
46657
46254
84047
43608
22718
55558
4562
53349
28504
52618
61827
83744
88779
35610
58588
23703
4112
96098
18466
53363
1960
83375
91410
31076
73226
62828
53765
87506
29596
81395
43295
11622
66068
2494
93555
21921
48130
93924
72293
84458
65003
34947
22607
15887
80370
24828
14284
16659
7954
84131
78115
44098
36487
71319
40911
65669
4049
8260
49467
52786
95359
12082
10004
28408
60200
81903
28027
57573
57347
54442
83801
56953
73044
74590
47972
93067
41722
26389
35018
59402
34414
79897
24648
56953
88429
37736
78241
27960
48095
66166
75709
51992
6584
2034
56265
50203
6591
9364
75749
3658
6506
22497
60700
32989
56125
60516
4409
59784
73130
71770
75547
51959
25723
86177
16860
52710
49649
65826
64810
33066
1637
34948
42648
34388
2127
63105
6442
387
82315
96308
94243
41240
31529
76405
24823
46429
94314
51545
39338
2041
539
59809
84824
11865
67356
32591
72858
43495
80065
35056
37490
78907
90028
34137
54444
68689
68711
16041
27738
73851
28752
23872
40749
34099
63669
9731
19181
48088
66867
62854
62654
90094
66152
53242
42873
34785
82732
39162
25722
23302
62779
23064
29530
50345
26584
63523
12231
74291
24131
89018
87439
46755
86035
98239
10042
59682
20811
62847
76197
19431
58470
61692
32990
21523
70460
94903
44234
16774
68487
45252
54336
2452
77113
48431
28121
88856
52718
58775
30734
28361
23533
77528
11462
28724
86744
10778
9823
72244
85604
13618
67944
4469
67635
54243
67952
51244
65528
51987
74500
83974
56786
47042
98559
2697
89684
96113
91411
13400
31230
65355
61365
47288
45465
18396
42539
55163
59419
12039
38049
45048
94881
86855
72645
58343
14185
73181
32063
29327
72315
14102
63503
68552
7214
80062
25988
3450
63350
69790
1714
26903
2270
63315
31193
60084
70357
49686
84946
66814
17002
56129
41782
92173
44934
52084
57326
98184
18778
99261
53678
75788
251
67039
78579
31153
83384
10845
47591
62583
19283
41032
36246
74430
66050
84125
58474
17297
17699
1717
69950
63812
19067
30047
57451
71227
99892
45931
55299
46906
24239
56235
89438
63868
74967
24660
4036
88011
59062
16031
34402
77808
90728
34385
65706
47685
16393
36284
43451
3828
18097
94226
74098
74370
28246
33923
38100
49791
22029
76471
30999
97612
60245
32051
18918
86379
40091
15044
73760
9975
21939
35196
26857
41737
53781
28173
22881
69488
96783
87121
73038
67245
21836
12352
22893
22858
14979
19050
23585
20875
67995
99317
90712
70353
59332
45570
99094
44818
21672
81834
36119
28128
30262
4997
85347
29478
6553
99720
6363
99113
25517
66344
71955
90736
1632
48497
89716
92382
87358
69703
7971
96781
25050
19257
6893
85160
99183
78741
72433
88985
94594
77406
80616
79837
76652
24661
2430
19256
59311
98802
61086
86897
74771
36110
77495
38870
58882
70531
23420
79755
9691
7903
60194
53486
34804
27117
59574
90261
4438
70435
27990
62846
53450
94223
51282
94434
98928
60878
29553
7944
10661
62384
40002
31922
54658
80812
62708
38533
53408
24420
10341
68777
52068
46740
11145
34697
81353
51429
56098
44544
85545
57386
71474
1771
16561
17373
91538
701
42106
72868
71882
52625
90445
94961
12380
96444
96352
16042
71810
79413
59615
46724
44061
99158
24058
98860
27279
59612
51910
7482
42705
93954
23228
48851
34330
89033
54918
7658
34004
22373
88978
82060
53161
91519
93134
60117
18583
67642
98620
27905
44432
52586
89860
33167
80012
40416
71720
53100
82398
77880
1570
29828
99881
6891
46586
70469
27592
63514
44456
20419
91728
4257
85450
81933
19257
70147
64096
58146
27117
23922
93621
41764
5410
38449
56952
969
59239
32040
41829
85668
45783
83685
82348
95957
49383
20901
17340
1401
76416
21036
54246
74728
11660
93907
33400
26295
31607
4880
22432
98121
90417
666
8196
19144
71530
51962
265
80756
81949
17832
83758
86220
3645
93763
62601
82457
31422
92086
64684
18860
11555
56591
31084
70291
48656
80924
84141
65629
54765
81799
8012
64062
38587
52411
97455
75901
96889
56828
75839
28550
36213
76540
35970
69184
6164
83053
19790
52428
68534
98941
47221
88955
93059
83030
14532
72481
99077
41920
86209
63124
59540
74673
44995
33127
38567
50401
1292
35801
26626
57118
48007
4884
51568
15228
30894
95188
24684
48677
98926
87398
96353
32099
31285
28588
35148
28640
49246
44811
81734
90924
42579
63906
9136
64225
97435
52156
96684
92808
27636
35010
78406
79398
67979
49622
30581
52076
28935
24016
3838
57295
76686
25323
64663
83042
1960
1688
8902
19432
54043
29978
48468
36616
35029
5055
96327
87423
10876
47081
41872
98016
68868
66783
44520
94260
88991
39988
43075
36745
70671
63711
57938
35529
11610
29209
37461
91570
35345
36018
6251
4108
44688
87931
27616
36153
30699
20107
8323
45655
27719
82067
62554
73862
30457
10074
33089
72031
41429
31887
57643
99970
58313
70686
8021
61273
19877
45675
35296
25618
41568
20773
61162
92613
76140
52942
13128
48014
37384
63343
73464
37505
66803
4213
42747
11218
6654
34694
79665
40248
98297
69754
21795
51804
72320
18144
90156
37987
17935
49758
19446
85635
64512
43895
4948
77423
82344
58547
45505
48930
16632
64367
76097
79689
91270
87798
17504
45386
79049
51331
18670
10350
55970
75465
330
14949
48030
38930
99110
85461
81474
17647
24243
27191
83974
16336
49555
6027
74583
488
6552
89854
82993
34677
34960
34825
46840
64934
86846
75375
39195
93159
55204
42415
13485
62208
6944
92978
84166
95520
72643
92027
65682
37011
7312
92922
87156
41977
44196
33441
79626
7260
29665
60059
95339
28623
95346
92199
34784
93061
474
79049
9656
25963
91192
10770
16769
41911
69314
37424
24619
64112
18555
38790
52131
89179
38477
34673
31910
26913
74386
41438
97317
28630
49863
73212
67709
75969
48314
79145
73464
97517
27802
92441
98898
754
17077
93586
2208
27596
23422
94647
67982
97283
50641
18055
85507
73306
29183
61813
29707
65369
15980
43930
73906
8080
27022
44195
35698
71245
35218
4522
15175
74523
89190
4116
44032
14433
67779
83830
19088
91571
51777
73527
35076
60556
86434
51764
37884
55811
19659
45200
26491
93178
60173
98418
34301
97266
29675
77881
57900
32634
15394
19928
16612
6002
83028
947
34164
80854
2237
72009
24125
9085
47192
90068
38668
16020
70106
29495
7252
23211
88099
778
49515
25756
23103
45933
18867
99120
18430
59039
65689
56667
37914
69055
11892
27752
65914
20404
51443
58604
5649
47398
26497
49332
77202
67440
65738
23589
99274
71577
19291
30373
8004
52925
44896
98268
52429
51722
70074
97926
25621
56047
94047
13564
996
54248
60476
79872
47103
21952
96227
63256
9817
19684
75657
93529
99939
72146
94601
70923
197
1903
29590
23900
89552
10955
95014
22728
58937
80922
69044
27625
3799
43372
86516
65006
75419
18765
70892
56087
98890
71382
61800
22870
40198
25645
26387
84733
31371
65739
5200
3665
77347
69208
98438
91670
39359
17751
12067
72519
18896
62774
66193
15034
12624
39344
29789
20417
39278
49820
88584
23114
52196
10359
19308
47847
65224
66244
99039
56428
73332
9727
68052
91660
4672
86928
75659
37922
28331
32912
55080
50045
24357
61773
2693
24875
75343
21771
46410
32534
70095
84169
46226
76925
94143
99416
29840
3980
69177
78092
93156
10635
20067
5089
31927
97193
83755
60115
60895
23605
87868
42816
4797
32910
20701
54958
7905
92861
79436
41401
30511
1157
18538
25075
52426
63377
65878
88589
12152
49123
70459
33811
83855
20504
95208
8377
22430
40928
92716
10084
80031
86638
5164
62857
51039
66760
72261
77163
81828
75056
95850
76832
52960
56209
59154
9707
96227
48230
21954
53755
79583
91843
75289
74112
56933
12985
89668
58463
8163
58943
4954
83907
10634
32108
57713
51394
64293
98019
81508
80565
48181
30497
58064
38332
90224
47599
87400
29395
73623
75077
84127
48265
93317
70350
34738
55936
39834
41781
48092
88467
76921
38340
83900
49493
38661
21465
10028
47924
34059
10464
7010
6982
45017
78226
36496
27100
57765
57276
22814
69069
8974
71061
49333
82934
69392
73704
4919
13796
88873
69981
51031
54685
7434
93242
55661
7406
60984
88671
73946
43885
70384
24706
41422
16557
28171
85913
81862
41111
47179
82180
5230
85976
69653
25231
38948
68113
60030
54469
21245
36977
96713
32174
32507
71709
44458
26709
555
42809
80330
58797
51527
4427
79097
69210
50608
56880
70794
72085
48987
9133
68393
4903
8247
1261
68653
921
63526
23655
46653
25710
29438
26107
48651
12886
48570
86708
27695
10952
66144
81926
78366
9491
19944
6047
84731
15263
16301
77871
42927
69850
67825
13206
76698
51848
68967
51837
77193
78501
98014
72014
41872
78486
92388
41192
89976
25482
37966
61570
15755
44892
9264
7729
66374
97209
62302
23431
43771
16936
67382
56628
63278
65410
35910
55917
19871
86266
58680
427
80482
49389
84286
17472
30419
44495
5797
66128
30818
58840
57340
59209
39172
73805
2413
29108
42385
72558
46604
73541
26864
8918
38573
36020
22836
41944
60699
9706
36022
3101
82505
45319
21344
25387
45390
82592
85195
457
91909
28134
28081
64913
62213
39573
2373
77000
24623
44282
87491
79230
69636
58924
71611
39724
36603
77652
37205
53460
36267
92707
10873
20688
40704
79212
57194
73048
9160
72782
8704
49479
69438
39237
21920
7074
63323
70069
57065
90102
11714
59162
32894
94423
9460
82290
83327
66645
73479
10011
48443
29214
50056
88286
78089
19322
33602
82257
99942
15583
96424
97939
80936
55509
55186
10712
75305
69353
22194
55008
50353
38741
12656
58308
54424
99240
47646
45983
3236
8100
98026
93784
20922
5564
36059
22156
61527
94651
19078
82545
40088
2962
16933
29745
72865
5063
27741
21443
50499
88886
43224
14717
37632
89760
34231
46011
28938
19090
22281
79872
71058
36064
51723
87118
47447
23691
34532
50664
79310
94882
85982
57773
7057
49799
70101
21842
2868
18216
7631
34980
42512
78008
86685
32361
66766
87319
50007
79015
69953
86690
71582
11467
87887
72491
73698
74847
72546
79659
39924
77386
97876
56448
36114
95137
72622
79710
61073
67983
52706
90690
72993
15129
40821
27029
14528
31116
94500
29447
52175
43378
47407
28471
90680
73778
52832
1147
33096
85717
98471
48155
20654
28714
91620
45460
16602
57900
77183
65036
71010
46037
79334
18965
51583
29103
5012
8909
94285
12232
85442
50492
74647
55153
92460
53328
28961
42351
18819
17586
36995
61226
29570
46852
59859
74549
27848
57509
15859
51048
44942
79284
58316
57770
33487
52740
36153
46405
94019
81072
91560
77703
10724
62798
70400
55723
59727
43226
67584
70646
20881
28674
66044
19142
69662
57073
14186
40404
12101
51428
32984
60452
57500
50390
76375
78577
24331
45123
88505
87800
49878
92856
85306
70662
2543
9221
55278
72179
90370
6014
32492
47654
92267
20522
31388
72446
81289
78878
58446
1813
98247
59855
7776
20240
10603
81503
10362
43020
30662
3117
25707
63151
29445
51916
62649
71191
16667
88970
13218
2497
82408
15685
83426
51578
71723
67794
49128
7895
53459
97818
71606
33782
33507
90442
93054
95827
19011
56282
28608
70300
39561
87866
4299
62587
95912
18735
61116
74311
83630
89517
91767
94947
73828
11152
19844
97753
90709
33191
35352
52723
86162
32259
15170
46816
87220
23656
57414
49141
16526
38529
60397
64443
32939
806
15073
59986
70777
6687
67973
65658
66483
95764
39204
38922
67147
63828
60715
32760
67524
80248
62910
473
57687
93991
72729
8914
69925
75392
8221
56232
43139
80602
97004
20073
35687
95381
92167
73666
57903
65235
58728
13215
84953
70352
67618
11176
71132
68836
17147
41425
15448
13147
47537
50050
18748
4874
25703
93262
94613
49295
37663
34695
55938
48372
26219
9867
36135
57403
60002
87443
46659
78256
11819
53870
65593
88676
28114
48733
73883
32384
76242
24745
61530
41777
37314
88961
56385
8436
29741
81143
4382
56703
42616
31706
28606
67954
65068
74448
72457
8062
76608
34457
94603
77212
56508
38740
26201
57757
64099
82274
64862
72951
85276
79262
65845
98863
67174
83569
24225
43258
85203
54943
247
30606
96773
62697
12392
59190
66905
93055
8999
69261
5059
61794
22064
78382
86180
4954
17582
83046
30189
53775
49845
57513
25283
24075
18618
37090
62948
30915
44505
51604
65221
51629
78908
15278
35583
72406
99352
13794
67708
44600
28510
74714
4189
42864
31135
40587
86030
33099
13369
3320
18317
77142
55749
29005
15243
91719
82166
16906
81849
21732
28359
81764
78883
48739
99926
4001
15744
8264
80982
54950
58154
38059
78831
5897
60649
37113
81244
98109
57238
24119
98650
54723
66894
19547
77163
20428
28952
20561
68864
38249
14198
2692
31509
97910
87535
27063
5629
36751
86614
10457
53012
85005
48413
62660
68252
18110
95773
29776
68460
443
83701
37126
23094
49154
30034
2832
1180
90470
96430
84173
14935
57152
33119
35065
76258
3287
72141
66135
11650
36346
50883
29088
94203
53527
89983
92288
85184
88342
34870
56661
16179
67554
69311
99251
3269
57251
15816
12593
59125
69047
84730
37638
5905
85419
64824
27911
23360
38876
42335
77359
16149
79556
86711
76641
24118
24217
95392
75859
8841
12393
827
93864
73306
42058
64817
47176
9155
22068
93509
22743
5978
7166
29432
11053
57976
61117
54801
80686
91099
12163
15786
98940
76061
83328
5664
68626
55009
84960
4053
47293
5055
82308
35199
34128
44388
54652
16809
83329
74351
81242
27410
31737
13476
38466
28659
17368
60305
55082
14731
61757
95454
64966
38039
50137
67964
97949
18924
79024
34281
1121
80734
30796
30639
32536
23231
19761
17211
57089
75567
22180
27869
91
4333
19545
77738
52546
82865
64484
73906
32500
57035
66809
64772
97003
76439
45374
89385
10168
126
56792
41978
72065
22678
60407
75748
24760
49931
36820
5108
25458
15124
9604
15163
85767
69751
5092
92024
35430
37733
74012
23554
8829
58738
2655
68051
55028
21155
78013
36226
35582
81788
50276
28344
60227
4616
24390
15912
55267
1739
21228
39176
54347
8663
14902
57892
88333
37867
10921
47783
84630
85986
74448
48961
14901
24164
99755
18737
5584
71677
7729
7053
52258
5077
45622
3756
53407
4166
59507
36134
74435
86358
98903
60110
71334
44542
56669
80869
68721
50228
96147
96678
89974
7962
79367
10244
79377
53042
25070
47939
89292
45487
81856
61661
58343
95692
40282
54260
23546
75441
32303
53635
9355
72113
59469
23883
16898
55214
28753
59646
61039
69281
77330
78348
87916
4061
19915
20128
72963
29632
96826
44764
31899
7701
1477
6070
15188
29064
5998
9940
4456
93381
93284
55408
7535
63950
92672
44312
26609
67684
62665
38097
15001
35464
51314
28390
73813
99191
73278
64155
71897
13048
12482
78855
56945
38475
42578
84179
86720
13839
92861
60822
80019
3024
81871
11363
37840
72171
9938
70450
20011
83876
10134
10025
92057
93166
39300
13012
2720
54918
18691
23462
75283
67656
23224
38530
82339
68943
26776
70405
96840
1867
29038
7369
17274
78923
88159
9453
58780
1627
14799
70329
21530
77974
11848
33429
94204
28567
50832
95184
78433
41746
84579
36002
97841
20507
20045
78440
67340
66048
80921
55460
93520
3522
14373
60618
77511
20592
356
76479
78870
45403
33051
20530
98167
62904
6022
13469
3393
5612
65929
39330
18021
78341
21509
15490
9057
12283
71764
93735
85841
86775
12589
79323
81141
85179
73375
97074
71214
30373
82553
5711
35700
62207
78495
21817
62353
25879
34314
92192
62968
2159
42970
34675
78271
78389
65269
88691
33272
77058
95718
11572
71114
35560
79237
7718
28931
92134
48446
32253
24422
29392
87304
96070
24274
92355
54303
46337
30982
85059
1920
75483
61606
6953
24554
3118
32903
51784
98735
451
11983
52805
34500
99562
21642
84609
94460
20101
91096
15516
86300
26130
75429
78273
6244
57386
17831
97014
49510
56404
52515
65054
32543
33942
79529
64914
58733
74163
11188
16766
33573
30601
41106
70206
89015
60790
87795
23780
31703
53236
15693
28357
13346
28843
95090
7086
70987
28205
13406
52740
74018
37765
31158
15216
69115
82873
689
14556
46438
54284
9469
38100
8116
22410
29868
31963
14040
3171
58463
63704
78621
57597
76360
23146
44842
46863
86681
71047
24284
78123
13158
17019
87918
56182
48715
53697
24673
59179
82876
94562
49825
12561
50823
2764
35690
62048
53309
82885
79632
40509
74380
69884
87297
90387
5902
25276
7497
2335
70765
15007
30178
97572
98823
92511
57266
68378
41521
53809
13909
10143
27683
39831
9032
52205
78347
28972
83249
33420
43503
2242
24960
7429
17451
6277
76350
44741
49339
70295
9026
96125
86682
59755
75455
86179
86069
83936
88845
26927
15707
78384
23313
96856
54416
6747
6959
32164
71101
62492
74848
37252
49697
665
85398
99779
15086
80744
7528
69076
98348
17873
46612
33264
77781
63906
3369
81554
60713
15557
15094
14634
53823
71419
91856
78625
39461
80680
81751
62494
92931
77406
39539
87503
33570
80869
93602
71682
48768
58739
70496
12353
41911
99926
83599
42843
33838
47512
20705
89764
37651
28493
99811
68879
47329
37386
61123
77047
58470
41214
98219
92340
6755
97614
4220
96687
48785
78324
33048
12098
24106
21777
46326
29434
6194
21692
49352
10423
41901
9167
43221
61372
487
98666
98049
38838
20481
72330
33812
1497
40264
46211
38681
71458
97109
91028
80245
574
2867
9927
14423
57505
42843
29906
51385
18029
29402
31753
46421
23425
82107
178
54139
47307
14913
89658
93892
46611
61669
37183
72908
54467
34921
46810
97565
36314
42263
53160
89574
84948
36158
75613
51196
93348
61169
76106
78545
4137
71225
24788
12874
42831
90863
40563
15464
45149
64955
14977
71486
61347
45258
57192
27979
70660
8527
70774
98422
35891
99764
73777
63601
89560
25319
60340
21333
13807
89229
58054
84216
41007
7256
31539
7220
32824
94253
34303
80641
57728
98058
44846
47960
78349
37237
84272
75236
40084
91240
12219
10497
53991
71092
28238
97011
27156
44644
97698
55945
75724
9702
63080
39340
89610
87741
98281
67379
79538
64191
60809
6903
20102
2495
32436
4771
46812
90635
65707
2781
71133
19067
53057
8432
24712
97253
89928
77974
28197
62018
72200
7301
84466
7665
61320
64904
68278
82926
85948
73456
4654
13421
1734
31636
30258
68844
52048
77536
3907
76754
49535
90867
76978
26486
57765
9399
96078
61422
24797
60278
88213
85549
61364
72643
26101
90390
23695
97911
15880
4976
38879
20239
86346
84136
34649
61115
51671
27333
44407
95674
34979
59833
34681
75402
68466
55112
53054
45694
67501
16641
33111
67936
7713
68861
10455
1030
22581
31249
37301
36824
92151
9486
13080
68836
70955
58340
67041
7603
42960
22877
46556
25028
2528
26576
34385
8115
50274
19224
76057
23305
82829
45463
18528
85249
97335
99524
35968
82592
71614
33327
14500
34170
83478
82417
14735
42234
50300
20596
13938
15364
78464
66613
98446
70453
82543
39564
84974
8035
87679
77679
58132
51580
67204
56602
29915
37262
89052
45402
93405
80302
53170
75884
58354
4927
35806
32506
54335
42345
25120
36743
99741
81921
64583
32671
4259
79903
80079
84967
72994
60423
29909
27923
88749
84524
65890
47741
84673
83642
24502
86657
39866
50231
65916
4205
1520
42495
69826
71048
68329
12044
57453
70304
86927
12194
86651
91411
12034
61399
3900
38048
80777
84785
17662
48029
8573
90198
83213
93803
36597
38418
51724
11633
34607
11341
63393
15177
51236
98520
25700
75392
84086
29218
72097
51814
92649
80589
44791
38065
68192
17689
97647
74355
78694
34096
7746
27804
53501
78921
19640
75233
46595
88905
22361
84799
39801
19929
13284
27073
87244
71326
76300
91675
51439
49716
25612
32323
91699
7358
40937
24053
96186
50935
10561
34085
55205
53867
4973
80988
46438
99239
31130
5181
35236
97419
68290
86005
24592
99903
71092
56034
7977
9233
83164
77024
82772
2125
33463
69287
73991
94440
70410
67251
63245
30096
68794
24391
92345
60687
86237
85091
24579
29806
55212
35303
62021
81441
45178
15927
66755
85487
34269
64982
15001
98713
27306
93680
85811
63826
22245
33218
19731
30037
90072
67057
38136
67585
6338
84218
10320
12212
56294
17542
22064
39791
93848
74452
1610
10837
77604
18538
81328
76799
41364
24701
95560
97506
39235
81794
37878
64077
55469
91740
47239
94
98414
33429
40754
57525
48173
97124
98861
610
5293
62637
41613
54029
26370
26234
33221
26813
17254
55402
13622
81777
31090
26649
70427
41112
77729
40192
86032
15081
41743
37096
52888
61853
89237
25908
58291
19761
24453
90834
27705
56778
38938
69338
34493
99017
15887
95645
38510
95343
35144
22001
96786
17571
31295
22218
97281
56480
21166
73331
56085
29920
34214
37164
78808
35861
89508
42969
76501
4602
72585
50876
71890
91562
38260
63350
11154
23241
94886
17809
43757
14829
42828
68017
26512
97425
78565
32572
58071
76405
90707
78625
88198
60088
32899
56226
49570
29917
64540
1558
92553
36905
84833
16699
65047
63405
67429
50469
74911
60571
31572
31658
86487
74627
47382
59005
19281
62704
33627
55370
35786
15815
13429
52676
40945
79962
55858
32249
65368
82372
98166
32072
21996
72577
98095
18985
27219
537
19509
22639
31373
98915
54419
72965
43273
17562
28535
9173
1502
49401
91031
99060
39948
25313
82255
41552
44768
8214
42962
70214
63779
7419
81910
54579
3599
44698
10602
95204
36816
93813
34572
68041
89155
41322
79298
8706
57059
48005
75172
58843
70495
21804
59362
48865
25663
78814
64715
20126
48604
83851
9605
76846
77661
98916
30685
79074
80371
3939
55605
33018
39116
89326
8491
65971
96512
49908
61614
37094
56472
92074
67850
88203
44769
4032
18543
98793
77199
16534
35291
7445
93409
22846
10585
64101
17316
63447
88159
85061
4526
96079
47079
29139
73990
56150
57936
86570
15826
58654
66094
51348
88113
89710
29657
73289
38862
85324
3659
82363
61777
18075
83911
7263
15343
2136
57421
54839
85468
52832
60968
10956
25319
27134
21849
72896
22629
41219
1666
388
60570
96837
69963
72523
79117
21055
67439
94803
37395
96981
53595
58372
12381
94142
83876
52908
47897
39244
66380
5412
21280
42969
5685
54579
22002
72698
88805
57056
75780
68131
53619
67737
64654
89737
38027
24107
43151
80304
57440
72326
97871
96682
5651
5294
27214
95302
94923
45698
27990
15051
41621
64314
6055
11305
58593
75246
713
93909
480
80947
91278
75388
98159
3149
4355
67711
2040
3781
1963
70483
23688
52324
81523
55407
12600
31416
79462
83320
81611
94338
83102
71300
16708
78024
78735
79597
28239
96897
86088
77268
7935
90464
34047
88630
94797
32437
87801
45363
21917
43558
20789
91806
32499
54259
59515
77186
64194
22768
45687
87665
45303
51440
71669
13410
54068
22190
28562
54274
36945
89539
53231
84662
92662
70680
99422
57673
78502
62205
80329
68059
89955
71164
94483
56520
36317
79236
83578
51145
27107
99485
9476
91582
98186
37101
422
16935
65090
91804
17170
66982
94764
69978
26881
49187
38023
22619
90147
24882
20701
64418
86883
50290
11009
50301
83601
25297
41243
32220
74499
61376
28697
74910
2908
74683
82824
583
46161
80035
99014
50914
73002
9373
7818
34621
88368
74966
9588
12288
14183
50271
70244
98727
22862
4513
47782
21369
11361
31396
54461
34431
18207
64693
6468
4052
17564
25966
27743
32638
87459
47627
52288
70902
25355
80216
59885
95681
86742
42812
8288
36296
5975
52176
96743
96220
46620
15649
3187
55903
27005
43122
1944
209
6440
46738
67075
23610
73671
45636
42689
14684
23988
93637
53507
52343
82033
68899
42351
64338
65733
72937
10139
73335
4309
8226
8360
32146
28795
50607
23847
3972
9413
16638
34863
56850
34187
59639
35453
51602
73045
33598
23304
51893
22191
49050
58891
6603
60916
64389
65011
93821
7506
11412
24875
25123
87178
33935
90312
79275
22075
45572
48228
73390
99350
37859
76090
47979
9141
60863
19461
62705
99648
46237
87129
33541
35188
98872
35653
8135
41657
81519
67729
10890
73225
12792
90611
49586
73972
77058
6407
1225
26888
260
82376
65284
42104
29337
36182
88419
31447
71128
37711
23264
97454
93893
1022
11451
21347
25156
68714
53470
90204
94859
40188
72031
17681
96393
63747
10629
86275
96418
17203
62120
46887
74200
96128
55756
96114
93706
81725
68398
55382
89843
33742
4679
58563
19708
7231
20561
18742
56937
74433
5565
95302
16360
25288
84727
9886
65524
17080
95362
87260
18346
73235
72215
12938
53886
6066
92534
87946
560
39531
30450
6806
30180
44475
78701
58343
47783
67206
13848
80883
8423
42161
18522
92276
48159
19628
39325
83744
3118
95580
80324
17215
13548
99520
63396
94500
74544
63460
47464
5118
44301
38954
59868
9226
20476
9137
19615
65892
10389
80264
9911
45905
39013
98705
49381
19397
11199
5248
39270
72732
11793
48930
48806
55817
55069
13138
60235
91082
48473
28116
3148
74039
36935
46260
88007
36664
46529
26888
56493
45102
17826
44676
97589
31440
62026
16051
96573
50706
12398
11895
88340
93661
69538
86844
55724
53352
37940
86749
11597
68788
63460
29838
73635
89973
80735
12868
16586
68161
76189
84942
66687
3836
52912
86182
43929
77901
93958
91879
51431
34242
4309
57709
67854
81947
106
56130
59308
87017
35072
45460
80814
28431
72470
24412
80823
69726
30030
29102
52254
84704
17560
44061
50133
12795
53047
23440
80182
27709
17240
59666
41158
55862
8930
91853
73051
22816
43027
83964
48787
45642
62567
46442
50758
10170
95223
30340
47799
25923
43920
90001
93612
96118
28050
20608
31690
95222
18295
18638
85343
39917
42719
37961
64118
41805
70441
16004
55535
95426
21519
69970
69264
12759
54149
16947
33125
31792
90722
38458
88762
86836
31904
93446
37874
72198
67876
39624
31151
5223
6814
53094
91557
15757
78230
52825
53090
90876
31529
52141
71791
47487
44185
12
61045
92904
57978
44969
7141
57271
98499
87043
89920
13923
80226
35057
25228
28845
10146
1484
84503
23914
61666
52022
43824
21340
75741
65104
81329
17697
8046
22012
40744
23681
94255
91379
28266
14784
