63171
94054
90055
25061
5487
59383
19187
34677
97344
82896
6709
69852
95048
99908
9591
30172
48687
73342
619
42254
97257
95961
49093
28178
96537
76242
43758
36268
96638
8727
55960
68341
54830
12999
24506
60043
82437
56806
16671
7770
25825
42521
50892
75246
79498
82565
69837
52661
40999
63472
6040
81777
26809
55051
16884
18920
1132
21586
34829
93125
56437
63557
26904
68372
49274
32523
15467
70559
91980
30525
56793
2748
10470
14810
66132
95915
83675
59587
55878
63775
46032
13107
14306
87339
71899
95409
75000
53815
71463
66466
84278
11578
50424
2739
69722
5119
9447
44538
21751
37850
99301
54790
54725
24864
11107
802
93436
93905
41807
98103
33717
34557
90084
6011
49479
31823
79151
7510
33248
676
17046
77866
41930
333
38594
31598
3353
26687
4092
92042
8126
6168
37394
51871
96362
9594
32775
87747
93279
18128
49353
16036
60776
440
64367
35152
43145
6010
84952
63478
73737
14113
10816
73569
1460
28670
83939
43463
56091
25473
19029
91782
54133
13144
46424
606
31853
40841
57455
34585
97765
81219
59892
62636
29793
64668
67395
11553
99739
80701
38834
4295
60376
70755
92073
90648
96222
49981
73949
54900
62292
78758
11289
39808
36742
10863
90147
19990
44328
6799
63052
73274
55821
28226
25440
91772
94491
81309
99705
99391
22821
1711
1009
91647
74166
59652
11764
31040
2968
12882
91939
48874
76006
77124
48851
27696
77222
7941
37954
70575
17341
92340
12817
93321
29169
19192
8880
26851
99252
70747
26547
49321
61490
59379
50284
58604
35377
33929
13793
200
55439
37906
41002
29969
24992
1515
84054
35349
6950
80612
32293
22384
1784
15777
27749
40592
14185
63220
20631
95912
49205
78228
7995
64054
67246
26328
42943
69407
39996
62482
35834
75979
50203
97842
1483
73781
83490
52010
22207
4147
11392
17938
17736
75634
73810
16387
44477
88941
97258
72612
62827
37509
61692
58554
73158
62154
32770
95612
2939
43680
60529
67645
8045
62319
97774
41009
9985
68418
22044
81823
81844
96407
50108
23282
46825
30775
36141
18469
48142
35821
8138
10631
38442
98567
69859
14385
99922
57474
29956
78167
56053
82833
19830
71275
4786
68675
73739
58507
53372
52199
89943
79694
34653
98706
67931
62004
45686
70562
34605
57599
53514
15311
20188
54706
80361
53711
10868
13526
82385
47350
46262
319
53757
38910
37744
75663
28687
41516
71200
51181
90492
83335
64484
531
75189
1099
49542
18523
47885
93438
37757
72232
29922
19480
8550
12760
65214
165
80521
38190
25247
77935
80174
19038
29771
88782
73684
2860
15294
33488
57391
63110
37777
13849
4585
31275
4761
83594
2490
80344
70606
26618
62257
83975
97083
84442
67559
52131
56702
20386
73682
47951
23505
34247
95954
72240
69306
31509
1241
71675
19875
24526
36020
8078
53565
3155
4380
79655
85206
15436
82805
85370
49516
25023
5348
34626
20584
53120
53179
41829
48637
33899
65081
58421
85030
11115
33098
16521
48886
42189
38520
17238
83167
90366
98861
8509
14646
20847
4808
78158
66642
89542
70172
16581
66179
68457
69102
30650
12369
57298
61794
2728
18738
67477
60946
22647
94002
48452
96424
98554
18541
47228
850
36089
83915
87518
89193
46123
37367
86808
77093
20473
19874
79148
83609
43765
52477
73050
37959
72699
78009
97818
37899
59245
25048
16224
80953
29142
95860
17173
8442
50322
52205
95528
5155
24153
34710
9880
27556
51195
83300
72164
78380
75898
57504
43566
65952
23163
33118
12623
77073
68251
6457
99031
90863
85781
90947
70903
72986
33088
95946
33760
41589
95095
80911
51476
90567
26408
21816
21111
30975
92337
97514
88105
75833
27231
28746
93412
48438
8456
36892
7789
19995
71666
84611
41663
28608
3961
71661
68398
85203
99837
76872
86288
47219
75040
19001
38002
25263
20335
71282
93588
5643
58177
96521
40615
98906
73831
92174
57872
89019
81875
82209
1575
45331
45220
62664
78904
63883
79654
10835
35483
1465
9023
2116
48075
45052
80684
11551
16287
14851
39595
6795
61089
28024
11135
74191
22733
30380
41186
77579
87909
85674
88640
94645
19543
37047
62451
88006
64861
99863
83082
12287
24220
4735
53483
75940
48269
80933
23669
76198
17809
41270
34658
93563
52986
66770
54140
61368
76908
68042
6597
85790
23965
59863
70334
89338
84841
26084
28532
51478
30452
52929
77009
77475
20440
16169
33969
53034
40791
32604
16091
67469
11765
33421
24219
2967
22825
46734
30735
77462
1417
35666
22017
3847
38155
5363
70213
33130
1166
73601
43991
59580
93338
41138
73080
58477
68091
74180
6543
16492
43857
26833
89905
90840
74895
18250
23256
80012
15191
91685
30942
77377
28395
25937
14125
53169
71935
44668
26138
58936
17538
11243
8153
48928
54752
13480
36396
95284
72740
64155
57155
59602
14167
62241
9291
5666
17265
32122
96766
62754
9042
89934
94892
6992
2091
52760
49858
40926
28286
5701
57046
54977
74340
24462
10376
68148
4086
24927
15265
89851
92043
98063
72693
17374
87605
83615
45266
59917
33576
37253
55878
52566
38514
31342
7270
82779
18659
70564
96322
72409
90618
86178
62074
34910
33745
75773
97967
6735
46312
91027
97
88361
57054
11029
38369
26373
39414
69347
71213
16946
90606
31002
77408
66471
48433
31714
63236
4062
34321
76784
39410
42681
77404
11897
67775
94181
49786
77015
6001
23956
95155
62849
92948
11049
91636
89235
58191
46672
12803
43647
2338
15591
4618
91007
10487
57722
97593
67175
21582
14921
66630
4517
31871
48896
33622
2928
88659
86849
52789
81307
65227
52423
61970
76080
21766
63556
24748
39751
16291
30475
65237
67893
71912
18361
85726
32143
73537
96540
66382
99838
94463
31555
46623
95696
36909
57758
4455
663
78739
39256
18626
36577
17759
34362
29483
76838
9392
56683
74585
51549
7799
22531
70145
5812
76667
4591
75688
65773
43466
19980
83397
937
32001
93929
35225
3204
14730
22915
21664
94762
39165
69947
81352
98821
94773
72947
73240
1374
21813
53845
94423
61680
45076
76059
68241
73720
73565
56886
34263
51467
88749
11951
98487
32016
95350
25197
56509
56172
38324
13110
85511
39384
62258
46191
51755
27010
78653
99668
91190
35464
46254
17347
30194
61882
89848
53353
13776
66172
94573
71517
5416
52962
30004
66980
38720
37684
7112
40320
77497
94315
69631
60275
17874
55006
92362
84660
33256
23590
74140
75319
54038
63657
64262
51076
81048
82533
91763
70569
61451
8509
20895
74034
48637
80128
70517
23193
13310
14225
10419
3638
10771
50737
52186
