21359
10078
9072
84476
66356
85539
88407
7997
88719
32785
93156
97876
65604
78823
44339
43110
76902
58795
50215
55336
8788
14876
73269
5707
73440
78483
46729
81935
523
48132
81462
10244
90373
49093
58955
58600
74927
45270
44443
48940
39508
80575
74919
44903
8638
63347
8998
58776
37540
33513
62502
9496
39169
29854
14967
57728
25293
22126
74405
14353
22560
77913
23402
11324
99555
99972
40151
45277
58422
87589
13647
80063
46318
36483
80386
4641
41191
78593
48559
85881
90540
99589
80156
69851
49572
26505
47192
8674
29551
72054
1875
81035
69317
71816
60734
3642
96458
48892
82918
21234
48525
51367
17086
36716
24104
89478
96469
10153
46805
90935
83026
91323
62816
76177
96454
2610
16880
985
76814
41594
24928
10823
5436
91840
28669
47655
41376
69916
75384
70153
60745
86958
11221
47789
54106
47983
46007
23243
92316
18718
33403
60065
37246
84123
3385
78735
86682
18270
66682
60903
38659
66765
61806
91823
43504
33911
18238
7860
36998
94874
25570
56940
65206
75345
95112
74847
66083
15046
65759
22599
65061
10403
74793
16956
54060
39902
30467
87200
64641
85706
39896
12727
9750
76153
43141
93110
23608
52887
67339
42924
32972
35289
14972
20121
33198
93725
76554
63777
77508
10112
66862
44643
87845
40748
51223
70421
47652
40469
54246
40801
73393
2718
29362
28969
74314
61023
820
39813
52844
14422
75428
20906
84821
27723
20218
76488
50688
34855
90533
59594
92370
33609
90901
48173
76396
33331
13572
54796
95603
10248
58874
34431
62736
8691
21120
31869
68816
16769
67526
57292
75943
36283
57595
46230
83741
48707
59195
11819
13183
56044
98063
28288
61039
42869
11574
77503
31824
4070
71232
88392
65422
72864
36357
44054
99816
5731
5776
54628
65518
11642
56805
78576
46350
94652
1059
57450
43322
55356
72847
81713
59757
38284
85819
81403
85794
57300
41040
46489
79797
97411
3263
85981
81212
98533
91041
56639
17581
43943
20084
34848
16569
33846
38388
59229
19074
15116
70809
95087
13366
71027
1899
49880
29659
30025
29382
72048
17988
88527
49615
51062
41894
66886
95758
64337
25041
65315
61329
97827
53097
61709
53244
91156
70287
3207
43523
18124
26955
20106
87811
45416
16706
95101
29960
61534
86068
17047
64834
12458
31017
14700
21434
13096
54708
2174
93792
23720
92082
54650
47430
22201
59456
57288
28361
22306
66793
50732
71012
68217
45177
32545
57479
17370
81342
20889
36987
2316
33275
97881
16760
44459
94548
18325
7629
33386
73007
73624
11901
54444
84168
53314
37128
68882
29636
30698
96457
67462
24669
49867
46292
46345
76248
13439
36222
81198
11177
68660
87149
75586
46652
47044
31668
98965
17039
19092
52779
81197
66828
36895
50811
88558
8097
57032
83015
70962
91606
38083
13154
87963
30150
70144
42021
5297
69025
34075
63662
92667
60885
26799
33525
13768
53291
76882
3045
57793
54877
3883
12589
28072
73713
88468
63189
26350
10171
1041
39952
46617
24534
57520
99448
53867
20911
16361
32609
4813
55836
25674
75846
4153
19180
92350
26106
55622
8223
59555
50602
64868
29209
29645
97894
5045
79082
62353
93640
79545
1363
2038
49735
61701
30781
4035
33706
44610
53983
46031
86041
14522
91453
86531
74711
9601
37275
66955
59773
79977
3237
72857
87742
30940
74098
64573
49751
35209
82939
87640
25297
71633
6376
31671
5594
54819
26505
96424
68793
40661
50733
14577
30611
57118
15519
71529
84935
11909
47045
60644
27384
96942
81669
16784
15647
36172
52623
1256
2313
728
72813
55100
45010
89213
91997
63099
1065
95134
96542
40075
79418
66418
84077
24417
94606
37153
13539
27754
60445
75100
70868
93704
49421
11882
83856
15777
29150
51412
3124
33845
27340
55333
20411
8699
34221
93968
19192
16073
28127
85953
82193
88283
46905
98411
93969
37860
66398
92058
5633
49629
75696
27364
24974
82419
77113
53938
19231
53581
6998
76800
32513
36207
2443
66077
71790
32534
16061
65638
53501
46734
21037
55342
7365
83015
53819
822
48499
84364
39236
72540
10666
16840
30305
73039
83108
3531
47158
55178
1530
82861
31474
35376
70551
46266
44356
45424
35062
85565
36997
33552
95907
7232
95475
94864
46139
90498
76593
6942
12713
11990
88118
47147
38152
71946
43517
94322
57477
78472
10349
71516
64212
58372
7752
33726
31136
97148
42930
57020
29226
27020
14843
82558
85361
18355
63133
23533
56514
74558
49205
26577
67794
17966
20629
57
26452
85890
82531
97299
73170
38363
86859
99424
28863
75681
90469
51145
43324
54287
96405
80647
61119
29596
1576
21493
49384
76024
70138
99011
40060
63364
14584
43800
96322
71007
40006
90706
30617
34821
60452
10091
78744
72398
1321
8476
87724
29740
43600
28972
40586
39852
40523
791
19118
13900
94046
68586
25952
84844
2641
28909
27406
71987
90572
9261
82575
77014
30159
10720
97394
31235
21415
12432
80482
59373
32531
58834
70599
91796
73464
57305
63911
55933
98618
98003
23921
76646
65104
52687
653
43912
4979
29003
25923
14459
5118
30574
7078
21270
52984
51458
88187
39062
94974
3931
21679
79626
28496
89292
45967
13914
92349
81244
72638
92275
67327
61559
31587
96949
10329
45903
68599
35852
47653
50726
70273
87303
98500
88737
59178
19451
81760
43133
16441
74131
52746
88120
14444
15752
37449
32123
67415
50808
76104
94713
39523
7985
28279
67780
86524
44122
30055
85848
56316
89925
94469
91828
25016
97807
79287
11061
44936
27626
96677
47980
46852
14598
71565
44636
26913
60722
17990
33023
19052
96363
38686
61010
93973
51995
67561
87875
62614
84867
50805
75881
89931
76439
27112
75433
11292
53564
29737
29415
5165
4359
98297
65555
47957
61615
67110
40427
32541
31939
51629
48434
21609
59269
54118
52608
26126
794
44858
99241
36336
28295
92582
79973
6089
59368
59043
45092
29868
87010
91231
66856
1274
65230
69120
25286
91364
69533
1719
14836
75372
47103
4005
97434
6101
61621
82701
90568
22187
3622
65626
18270
91187
25652
62057
22005
95591
9233
77022
62616
84360
94420
92892
61510
59832
6584
61771
89116
38039
77704
91842
3968
70063
11004
30397
36861
52134
90728
29148
87386
21744
19681
79467
28184
44712
97778
57712
76477
75904
9196
95100
52245
54691
32368
52272
80929
75601
23057
83922
70805
11193
22691
66046
77197
59299
80787
65818
22008
952
62541
43337
41408
30328
62687
698
64436
23954
11737
10274
15490
26689
21001
1861
52851
69858
11718
15525
61803
15614
69891
93052
39273
55488
57608
56595
3307
26051
94036
88359
26176
73914
15608
479
45271
18719
75026
26038
15389
80567
60917
41433
74863
12648
10197
64830
48535
44312
94501
90762
23321
64864
38062
35919
32631
18416
28025
37015
16227
32490
61391
55936
22073
94430
79187
57834
3151
40494
20112
52080
58647
4158
27599
3403
55624
47800
82853
28668
585
10227
69178
380
12368
7693
12890
48724
49942
18078
34935
39455
44307
79818
5842
39025
19235
1198
63330
28293
43103
20823
82274
75918
79512
14304
11788
40456
73722
75566
63053
9491
14230
82604
24276
60624
86575
21329
55420
38612
17942
33526
83627
43694
79233
54261
4208
60061
87707
86159
80117
18930
71289
99119
46057
45695
66334
68946
68676
65380
44968
90984
41076
72397
76377
57149
5819
34529
89735
72018
93122
8698
20302
33350
60013
52651
88765
97783
71786
39971
19187
5744
45850
9342
2062
27468
45235
50958
2565
55474
2279
6592
81729
42370
63554
48314
31163
36129
21863
54507
59556
65535
93378
30101
9354
89162
90543
48952
66912
32528
40862
5538
61195
59443
83138
31232
94711
62728
4488
2280
61220
65828
86998
1168
59269
91962
51520
48369
19842
12163
84332
73090
19108
78293
49033
99483
20979
19655
85239
52106
40296
30680
56219
80670
98765
68917
99534
73522
72689
30929
31628
96362
81880
49757
42293
35986
30992
49468
60064
15325
62193
8308
49848
81007
30269
52505
52043
419
14088
25723
17361
11804
14691
4961
96786
3344
76471
45394
50354
72197
76832
66411
83367
28555
74830
94776
99693
75887
17377
49872
75103
1530
25386
50649
54549
13389
62733
37114
8302
7658
50002
49099
52691
39335
40518
60659
32652
39315
40317
7472
57313
72370
9104
71528
96951
49466
1732
29365
21651
81269
77616
74219
41119
87922
67014
93048
51974
77584
49674
64988
48652
86437
61541
18152
40275
3842
22747
53643
62296
35915
76054
58522
38394
48826
4091
23049
37634
43068
29123
72377
29194
61092
41712
36782
61948
62105
45042
30464
79647
72372
94250
47670
2437
18939
49788
55763
1522
29791
44571
96516
53001
86848
35855
27263
49694
48092
6304
64981
25003
10175
52171
35725
68567
73860
80958
80924
9834
58772
8846
76190
14219
17679
92064
47725
63203
22391
59643
53966
93039
1817
31112
70819
27925
17028
67158
34587
4623
13345
39720
82336
96431
54953
14256
80050
88639
45582
70473
97299
78026
33401
64820
89780
4847
97695
40614
33836
95060
15497
87721
67733
33968
22190
38377
8217
19012
63821
79713
55058
95178
56780
3554
95112
67333
89656
7893
20594
69460
83250
38710
19611
40497
10431
96800
2930
74564
54447
31200
22451
60705
64861
38133
96920
48164
95833
5066
2739
37523
78243
67512
8035
35794
61357
27467
47954
91767
24559
14538
75246
37627
56659
25188
33202
22347
10535
20724
56182
52348
1888
75320
64626
16693
10312
24946
62951
97874
75879
86718
5319
2173
9504
64084
56522
9920
68590
18744
57963
19989
27287
73482
94635
49868
6808
12113
13685
52679
29205
74188
39702
63733
27756
69825
83656
48821
23120
70254
27169
38407
99796
94706
86078
59484
388
63705
99715
21843
2531
17234
46492
12700
93701
56750
98302
9
20199
21378
69830
93911
28169
72046
60755
28486
86312
47923
35085
90404
24900
48445
84370
23548
54492
1895
86094
44893
48211
94965
13509
22781
31872
1290
19711
79302
30332
33624
15400
93491
59721
23192
52088
64796
77331
27740
8560
93683
17146
71185
1528
30116
83342
14501
6727
97013
60734
38425
49460
37363
3825
97869
55794
42904
96046
88215
20314
30819
9898
14710
73804
5715
55213
67184
37117
57295
6101
15129
8284
97393
65025
95338
32347
98615
26448
95720
99874
99715
64930
47019
48664
33146
35272
59473
5604
36195
4929
18939
50233
16753
87143
16889
84922
40250
70655
82420
14529
99109
68668
16505
75182
20055
4853
55902
42259
23194
61550
31521
26415
62473
82192
5227
36904
68037
84519
28412
27559
64661
80683
64879
1382
6903
12500
66122
43177
76344
76113
74607
89247
82213
87288
58804
29309
59985
15538
24590
70723
88602
81494
86317
2646
24114
6312
41610
9576
87177
83872
49277
15293
34652
53078
7706
51462
93762
19156
27194
51695
42797
32401
38025
97788
40172
62725
26839
9308
39327
21502
19882
71032
95938
33101
41073
37195
23531
12893
13663
15855
35330
9305
85149
31082
61266
85368
75576
14096
31227
62803
44227
25254
32676
81157
35994
2194
9123
86009
7690
84133
28765
370
15439
53746
78753
7174
64731
30967
29624
74585
95207
80783
16131
85428
41543
2995
67041
23983
76015
92996
46413
78462
88921
98690
56318
73604
39290
25799
11492
61211
65094
88519
22831
80778
76258
1651
25159
27325
6418
27287
48801
76480
70703
38459
64176
56398
31220
90322
35405
17883
56174
97913
26132
28183
86311
39866
78525
94627
2940
55788
45536
23330
40553
29594
78680
42742
13150
42096
82182
20720
83716
5838
66389
43100
66
2942
44571
2384
91710
16294
76081
48267
88281
55924
8192
35747
88878
57467
48166
35843
52944
33375
15730
30558
19071
27204
1167
30456
21243
79939
15855
34049
93129
89535
37225
8707
42094
74694
91014
30825
97388
25031
56409
49915
38023
7735
2249
57500
89067
49499
37483
20688
84412
14418
69877
27579
65105
16041
81295
29252
58615
64492
74926
62036
67797
62791
57013
45893
94395
73723
28292
3297
20112
996
25107
27128
59400
90398
14930
25204
10282
89469
56637
13741
90245
89774
42237
69600
43757
63370
86783
90743
9214
71944
39583
91372
60589
94966
20531
38002
25822
58429
84086
83804
47921
48748
23467
67320
66304
95584
39803
55733
24972
95483
28457
74287
9688
96744
9883
18531
38349
8768
82282
74160
21114
3077
74247
37973
17959
54359
65770
135
91607
31770
64134
31354
91866
41864
42966
53114
49193
44281
14447
15928
76402
19556
3399
12838
96559
48115
45687
88670
73973
5031
27043
13816
53181
48163
86565
16798
20638
45032
74704
15188
97983
59673
26576
76382
68516
69655
22226
61743
43800
38363
73956
87717
6940
40673
50629
61481
37877
36938
9448
15937
8026
74743
24166
52891
85460
50105
66937
31911
71839
72048
38114
65063
96468
68809
194
47818
59222
20508
46872
85074
24569
2939
61492
74868
30891
2855
32185
80370
21879
12423
95644
98220
62100
44340
82096
51428
8503
94624
76456
46242
97626
8366
14200
25082
45941
831
68161
82315
94995
16574
90067
89390
76799
98456
13282
90119
34823
2742
27095
49793
15220
74284
23668
84010
99591
63510
14097
46859
60130
4698
32086
97055
80029
82653
33045
67764
26098
36031
98074
13012
58004
86963
83810
10744
80674
4886
20456
72556
2365
55785
70553
56573
94076
8915
56086
86711
85653
36558
87021
93514
89576
22273
28418
66143
42352
92447
24093
54894
46733
48431
15360
44611
63643
14806
18079
6420
39943
28822
80783
88302
55028
83250
44124
34903
79411
34193
48469
85631
62250
26983
29644
93881
64438
34452
4588
29398
68261
4599
92116
86255
16210
153
52973
84931
49334
32196
59481
30845
20406
45129
25664
26285
46071
59174
36114
90892
68978
71628
47977
79616
86769
21912
17853
37056
91527
56468
82998
23329
72932
89825
5622
72491
21995
92818
69146
8455
13685
3586
57244
93633
72586
27948
25253
58296
31544
86518
62093
72608
62773
44700
76863
36208
782
16531
44739
17414
59649
56846
71140
22179
88743
49361
62296
3382
32928
63884
52762
39779
84798
55551
74392
97751
33862
28021
1910
11630
15831
56361
62932
37308
87464
65667
6644
60185
91397
95224
87733
95657
41175
96657
57868
78759
19596
13012
66388
83354
7967
85626
11897
96682
15624
63317
47761
67522
64522
29696
27176
40744
59556
30665
42737
42989
49784
62784
30497
42053
72728
49823
55088
57669
57212
20658
30852
3235
52985
42184
37176
99474
45335
65979
87085
64674
12591
58331
53614
47327
98893
44303
23760
91926
85096
42570
49310
59809
85132
12345
44999
98523
51796
49016
17680
34566
67243
30029
32414
89768
99980
97491
32865
73772
96775
76968
89515
68594
91352
76133
18131
45231
42917
15454
27882
50123
76841
17699
54826
82395
27854
27856
4897
657
57404
82368
52203
26017
13335
98395
74845
4277
832
28853
25858
14070
4786
55010
95045
35544
55451
85587
19223
49234
54998
24892
44448
477
34700
14158
35481
82859
81901
24191
55139
86123
28070
72259
75893
22798
23874
6271
4633
17138
94043
47644
14310
18260
87595
98200
93330
92509
27911
95756
784
26049
19693
70862
47025
407
17426
2027
15692
52882
97469
17233
76341
63512
53482
1980
61812
90609
69052
78225
43417
4309
27460
89569
7471
91449
91566
67655
1145
57509
70796
92388
51813
45461
70105
85994
84055
1012
83299
74948
31146
56353
27963
13826
47265
95059
66166
27066
98077
85982
47215
68687
29046
32355
57550
60514
82154
87257
86583
29279
68908
27499
24729
6166
64900
64536
84812
82684
96106
53205
44390
68381
8345
69173
80169
48855
28284
47671
61567
20868
70488
87776
88719
41689
34837
89185
28082
61930
79926
42538
11003
59615
5275
22819
9758
77623
34834
79699
19214
15586
34671
16672
34610
39832
60140
42985
35715
48388
83695
38082
27118
68727
18371
72171
40133
52773
35552
81426
23261
79250
95787
86710
60922
50520
92174
97983
80812
74089
77828
93482
52550
45721
91244
34880
98671
27154
91179
43040
80851
75682
40224
84630
92909
34875
65184
24611
50135
62467
56957
16042
36452
71526
44497
97753
48315
89741
46357
58966
99239
68566
38600
50772
58949
92684
32336
67538
88424
79189
80755
42473
81268
35460
58698
65486
56640
51960
14856
25397
26022
51372
72497
32675
65697
50859
81279
32356
26209
89731
29828
46083
23676
3704
35470
49073
10793
47324
70992
35606
14607
16308
1218
20034
14623
4333
29493
66150
68020
55323
60550
97179
33639
58168
31640
42139
4242
54702
29809
55003
91465
7114
92206
78088
31264
50200
74449
62378
56782
66463
96602
56382
46322
86007
96923
7698
87422
91619
75629
89104
56643
37699
94685
9744
98642
91652
10912
84484
63851
24163
96568
22209
88723
988
96110
72922
65001
4901
37124
32923
70958
81480
45781
480
22596
77928
67720
43028
88053
44288
64889
67187
28415
30639
512
47043
96447
74600
10667
68025
5245
94644
43303
5940
59422
29386
42586
62837
24977
24794
38056
47635
54296
32884
39238
74027
95292
51043
42222
20260
60394
54697
13987
37278
7470
38028
17723
14600
9997
11582
65762
84272
50553
14239
14705
852
21647
12113
38695
12867
82263
4213
4335
68412
68408
84047
34818
3928
96558
23290
14426
83735
75300
14818
45366
92623
48328
58951
4558
86588
96695
93990
30572
46938
34142
66297
35537
17430
73955
14730
98150
92392
88559
47487
69382
41954
25527
21867
33683
92513
19231
95672
33935
89777
6115
3062
96822
34393
74652
94133
86318
46991
67003
25136
39964
32561
50097
14302
70502
70283
3637
69952
37245
2240
27030
20485
53624
16566
92229
67241
2679
87122
81756
90433
11841
43673
70068
95724
50127
80408
1476
32095
33143
80941
20863
26290
55169
56048
15059
11239
99445
29807
84168
23964
5699
81289
43101
26982
34039
51162
11804
71504
86283
11156
38040
52083
6321
89797
46167
89141
33771
71714
49986
76352
29192
6201
19286
99739
64807
65869
94683
15539
90784
26383
59090
635
42316
26359
9239
75099
95110
78199
39037
59366
6297
25097
44836
40129
32517
70941
28308
61188
53814
72650
11205
35790
85266
38537
91492
13795
69887
25371
68210
61965
86895
23886
10750
14089
55130
36709
57333
10252
66221
47570
21078
18251
54624
37682
83219
53140
85332
57582
88009
82106
39271
27932
79570
65704
93586
39541
58404
33111
40708
9175
89407
22799
68177
97218
90594
15377
77258
46329
93185
78704
58501
405
19444
54802
89175
1775
97746
60182
18933
30789
75097
35657
69256
73536
17044
88639
4389
55300
93518
12121
41361
81566
47746
84480
46675
37128
86258
257
47364
4573
14735
65824
44432
3822
65020
50233
73783
17261
89584
87342
63250
65101
4150
26129
83736
29530
2101
25051
18243
39736
59882
51755
79417
25798
93664
90666
57725
97555
26820
26233
37536
56933
54933
42634
43804
7840
99327
5532
23862
53818
23119
15592
95787
41242
84268
90605
92567
81212
71533
41049
80136
3157
98421
92577
83041
67976
73313
36527
80440
33716
82537
62487
68392
90323
72161
29071
17280
47608
5160
1899
16974
33521
28435
35297
33413
88978
20832
911
98965
56469
52087
47650
86380
2524
79115
64412
99026
7765
94464
75801
94117
61951
28299
28447
24824
77490
12643
18892
96106
21043
36996
2808
97252
45416
78731
32090
29046
71118
88828
374
24393
19817
28597
28184
33852
91339
8947
8012
22208
72522
79209
74221
23343
61441
13864
23012
81250
80294
6145
48895
82589
81414
72516
432
30705
65975
43508
77134
52459
46341
10972
11815
53220
86016
43457
57601
2582
84791
32828
32652
54422
95398
92679
17831
93095
87805
59760
61228
77765
99920
39194
14525
35281
50984
64972
84009
608
46843
19060
45666
10629
73242
28785
38542
43695
2800
92239
92997
25719
77920
55336
62789
96485
84472
13422
58743
19476
29288
92872
48484
16277
83306
99814
98819
80313
63799
38275
69832
98138
54520
88214
77091
8053
27360
56992
38814
44650
27823
9471
69341
39121
38342
17337
44728
59626
86503
26797
51817
41709
6702
89247
76539
76464
82202
37164
52828
12327
52358
55552
513
81877
46478
62358
23441
28567
8706
21753
18564
71612
97160
24924
23045
67874
62320
37373
10169
96586
83912
94380
6315
10208
62493
86586
1111
58419
84497
98364
91673
78112
77833
2082
47081
44715
4075
96817
62513
87206
47719
54305
49714
15005
67030
40564
50249
11987
38604
16310
98076
81713
4671
21182
50238
44413
97064
67315
82051
7160
93095
35220
10903
75757
44789
81661
24243
6968
22395
14789
54552
24356
1084
62471
26311
88731
53355
80217
68933
93298
74145
70458
63519
78183
71404
35241
2678
69554
41588
50922
55029
21809
62112
67312
38423
56540
64517
63081
28603
58130
42192
17622
21809
86935
95625
89137
23532
90921
79428
16527
78578
18295
75691
42850
67113
94252
88902
85802
65501
50581
38602
12343
65216
63303
36875
65626
20253
6960
25610
54728
5867
48932
40105
16
1932
6274
45251
27127
84106
92722
54155
93398
91150
80144
45331
3935
74929
52102
35098
10724
72012
74502
4730
56924
60762
42925
98954
82848
61700
45281
96860
67289
9245
41680
17081
28556
24875
23363
35361
85133
43634
4258
54292
41891
42079
35610
63447
37165
2146
14328
7219
7866
2567
24237
32280
45507
25694
90684
72143
99411
75945
2279
2320
50271
43919
53370
93126
65169
71851
36829
43702
15497
20446
99915
97400
4294
91572
21288
20176
44664
97058
44435
59700
92020
49392
6567
77980
60688
19030
60240
99712
40574
3000
64868
35787
97157
99948
44992
66353
49116
53152
98967
80385
89950
29096
98277
83510
20443
23226
50820
58848
16095
61124
71789
35539
18832
38854
63002
20988
22637
29213
76254
38558
94342
91744
62348
36253
91904
42766
69433
17429
93780
34086
39418
64183
74894
54783
40993
58092
88610
50640
68447
19381
34833
30070
93456
33287
92882
46082
22164
96644
75448
27275
56424
11824
76418
80293
15285
87275
17484
46964
50343
72049
19160
95982
6723
2020
60427
58954
9763
7047
30468
52277
40360
93058
29699
241
88835
72337
328
41076
72131
20721
11752
16764
94846
70622
49213
41270
52413
94578
18152
53329
36522
29098
36464
59991
32537
19707
66663
12477
83069
60148
45428
41772
32061
57113
36500
9688
40314
114
4423
58461
53386
45976
94528
32079
85380
88959
16798
20141
58224
14850
71822
53317
28301
72075
67397
36091
83285
12018
49413
4190
46427
72563
14426
40406
65916
47333
48717
59927
4756
39741
12790
95016
98143
50029
24667
92719
9917
29975
13097
44642
26025
90254
44307
20022
70379
57333
22662
13200
5160
50127
78448
75320
15672
29719
25427
50567
947
7646
48360
3323
60326
11837
4614
95906
40882
31481
75964
94736
80042
70859
15410
97563
90159
26084
33604
45707
59666
82037
22539
89650
20821
92981
33001
3537
96766
7108
92562
91098
57094
51700
31720
66789
18144
73070
69219
4328
77817
39178
62889
2723
79360
73349
15184
52635
45858
64966
14498
82264
49514
73401
35347
24976
54742
2547
74179
28424
95519
70805
53773
9462
7763
45039
68303
96986
82629
48710
68561
69708
71838
22917
66075
29024
72510
76655
80304
83005
90369
76384
24441
68741
25160
76629
21391
70551
59817
64514
37016
58686
31885
90984
73282
81982
39866
91645
2305
55725
56433
14607
15428
74790
29751
23304
52419
77176
96596
90383
22525
64877
84166
13549
28203
17397
45972
11739
27510
11232
79332
66145
10249
90258
14282
55457
87670
17243
64140
12734
60941
30434
23666
53132
87397
67738
60250
52624
78199
14345
44209
84068
42797
17084
56271
49836
50791
9687
35787
17709
68821
93237
44938
6790
32713
60843
36237
36854
60613
41984
34950
44015
49629
9551
36812
78354
70717
23122
55564
61470
9656
47958
70013
56073
83419
96219
84672
92833
29866
39543
95824
73464
6943
45680
89086
21545
82888
30301
89445
17560
18941
84045
94537
54073
47563
89398
8331
40899
63017
95801
54257
32843
45502
95990
73726
89788
30076
38234
62025
99964
67760
40943
30690
55796
45838
40447
95483
6494
40082
50456
79094
74278
59696
39648
48566
7290
66638
50075
9026
69326
42331
98053
39409
3492
2156
28739
28910
78614
43096
91785
85357
88971
33213
16744
95340
1751
3298
72178
51509
21294
23652
58438
11391
97644
81749
63624
87750
31911
33850
94795
82229
85662
93695
74143
63980
22861
53756
10581
50928
3667
34319
34226
57106
10317
81974
11716
94033
35805
88727
31049
39128
31675
11848
34694
60338
78839
4103
19666
80
56982
48640
42947
43639
76708
19677
81304
67546
13333
93233
80053
62353
5088
9144
89694
25040
22853
67074
2493
67804
36722
76123
8225
23361
74419
82213
79490
43380
48446
47420
48204
21402
81601
32955
95728
54481
25697
93488
766
39155
27563
88985
96698
89330
40505
98346
70068
67127
42241
14753
55059
74619
76293
75356
27908
49774
90883
8635
83417
57281
27438
76930
96733
77309
20828
75900
74748
8658
73670
26521
49207
59202
61998
67738
19254
89656
37961
74656
19215
50521
57899
58698
81751
33655
89197
4326
43276
6228
24193
7854
65951
54941
46238
70458
22414
21934
30219
88786
78
43745
23710
69920
16475
45051
3479
26228
95147
21912
25298
55220
9752
38149
9805
5214
96088
56269
83648
91126
43029
40734
73233
67793
33738
93662
57459
49892
67788
66648
72528
91488
44290
34685
44507
27658
95028
91720
50482
58233
90270
95117
12586
75535
7458
80930
24166
39649
86742
9156
85649
31261
24145
21658
70542
95083
36267
52665
88309
77157
24401
17741
44718
10000
57805
84671
17590
7588
39715
87713
50539
76097
42957
12326
36507
5499
20424
82614
27688
71429
85500
59019
77071
9429
76977
20630
54702
52224
56812
44766
77528
57469
967
98818
59669
24357
92448
97273
77186
16351
66368
51417
31982
21582
88481
479
15576
89812
22147
23050
25766
60214
91674
84015
44327
42331
99082
14927
10992
99150
84016
19956
44343
44589
43134
55539
83318
74465
60305
16363
95391
94560
1376
46060
54474
7993
32885
49390
12631
57026
56617
44234
47414
15760
5281
75210
42839
80369
14439
21985
2078
4083
64520
29052
85845
18104
55121
41635
40829
67380
51472
69273
23502
44319
86589
30088
16946
33422
57118
4876
68585
19152
11530
92949
51380
24063
60913
14409
1277
64017
23157
31881
99838
97654
99774
90948
17618
15088
56276
57142
27140
65355
25837
50683
36123
16697
94673
23355
67684
46776
97499
19097
