3063
45985
50971
81028
96335
19814
82796
30592
45939
42346
75319
23921
81742
17967
28769
28412
71608
34624
24030
7993
47480
73270
494
81101
39687
19542
33520
66962
48177
3707
49253
31427
18750
99150
52714
85374
98268
84845
5689
84975
16047
75117
97281
22044
38079
92654
71306
20653
60445
23500
98715
60808
78075
61312
31038
52897
64667
3341
77944
70626
33789
20026
80010
24142
95223
32379
28205
68441
76051
70823
34851
86305
12127
5741
62202
55608
88617
3238
3332
88197
32034
18732
59580
17280
45776
77113
3740
86726
32493
8879
9849
64917
81152
88938
83911
90789
30594
94597
96548
29923
94740
49764
12054
62806
56489
73084
64707
15692
8309
34696
4452
39642
59908
90102
48085
62346
86075
60948
56426
57190
11985
39271
34331
11443
67585
14548
21686
59209
94471
22654
98383
25147
88341
92959
99822
81640
59584
58133
38992
2
81723
20956
49443
90545
6207
76218
7678
95688
90785
96255
88670
53518
90457
92755
89294
3717
7775
96221
7513
26559
60814
96202
29848
70129
65719
56546
32849
28752
55676
35178
12226
69252
64912
3383
73723
21015
79528
96420
82143
51121
28756
80682
8169
76249
15042
42839
31011
93635
7901
28756
42407
27770
7903
19584
17124
97665
4386
37188
52056
25269
30140
18827
5404
91459
29834
75478
73652
14453
34530
18070
15965
56814
12359
50561
81907
9063
77146
59153
95630
76332
57904
89181
48843
16665
36913
83599
10895
84496
18645
9979
43486
57697
9333
43845
3788
69413
39948
90444
84200
15237
80009
26111
62233
22381
61300
83987
57194
15835
40650
52612
44895
97125
2573
99157
90758
80011
