23907
45696
79731
60385
54512
3791
24643
74097
30891
66366
48577
90917
60998
90061
2511
81892
94644
85652
36036
27514
72533
35091
14824
20186
27164
12786
69830
77406
67912
88653
39109
46626
30697
98816
21103
19519
45947
29635
76800
4701
33820
99718
35706
96098
23571
84093
87410
19988
41080
28835
44982
81618
75722
43901
979
82862
22534
71170
94954
54168
20116
59940
31941
30775
64007
10156
65991
18315
29357
69100
86111
82367
97246
60554
89910
18448
86010
66936
92540
93121
57681
29718
21834
51508
72891
91001
78855
98193
28278
86744
2812
48539
89027
32959
68149
99273
45909
37327
38817
30593
60352
50769
19115
2992
73464
36724
40870
62850
95801
77179
46597
99141
51651
35260
67536
32941
56396
67326
18359
50977
66901
45938
20182
47043
66264
85066
28890
43034
17451
52681
82268
16620
18641
14914
30341
44164
60040
37091
73682
78885
43207
55193
62366
67536
40617
60745
78566
13479
57151
9476
5146
17234
33239
72576
71807
69187
24791
77064
64910
96494
80033
79454
21128
12219
64083
25443
22045
49742
98362
48978
84891
7781
83211
66015
33736
28929
37514
1902
6278
89623
8493
99503
86376
32197
44015
83029
84746
11336
41235
20824
14272
58657
42311
3717
64133
41653
61331
8208
37546
87415
27422
33766
92043
17775
6222
46472
52622
45000
44521
71306
59082
36577
98700
86230
73547
58469
97372
73206
64620
43218
56969
68443
18632
23096
11725
48630
34177
18685
15957
53356
68690
97366
28991
7446
8344
33167
17268
13167
31538
73662
71055
50681
93765
47778
83394
61332
3450
90766
45055
74306
8188
10943
16283
87693
31584
81558
84172
61114
52523
77896
47635
43933
10189
87458
94517
34059
2939
52857
13120
83009
86237
6861
39573
80018
83821
36793
65747
3330
53129
25635
22622
14472
80327
73559
84947
5514
58730
13323
16758
13962
42120
44899
59638
95972
68372
76458
49709
66896
49575
37620
52494
3504
70845
11406
94260
81842
84917
61355
23190
27309
52456
83496
86221
53793
35602
90579
11048
81794
12086
96508
72156
36335
94779
86905
71640
98370
62463
63387
85926
5338
22877
53849
96470
18527
45509
55432
45294
6687
74081
12418
19036
31617
33439
27637
46773
82518
59242
11691
42723
66420
69729
16917
88293
73128
88764
30178
4003
86054
32948
10702
49338
52297
89886
24859
91407
8894
90753
2780
59306
38377
18960
38641
74480
24162
97275
86301
49361
76151
39081
81811
45348
99439
56701
56866
88478
46083
83224
59053
19519
80885
46498
99044
56241
97340
43759
63880
25247
5615
7526
79453
10751
42327
88510
22
18940
55701
70271
26845
89970
50955
50171
89750
78628
20098
11744
61641
78404
13386
70442
51529
15930
50172
74867
74579
91078
5587
11706
33657
42801
13484
3166
31967
87145
7494
46179
16295
32674
67259
26800
32820
12750
53467
3430
51518
88520
21061
11310
74888
24953
18946
13541
47844
72076
36328
6104
26906
64166
42978
53498
70487
55917
98735
8333
89
86668
99001
87274
37636
27745
98923
31914
70302
64293
92767
39959
97679
96093
4115
84402
47641
29032
21771
81299
41953
34104
53211
31071
23428
1197
30898
50884
64268
10616
60232
22815
86036
25607
41808
95912
66111
80657
1896
95444
69564
32592
42947
13788
57911
35916
20797
86532
67805
17331
59528
24668
13652
94500
61242
76735
23756
11577
82264
13524
52472
11848
49306
73319
24496
77753
89504
79668
60873
85024
18564
59602
95336
44897
85958
71854
85790
23465
50718
95237
81345
77336
6712
47524
10137
3435
97269
34656
21199
56582
33946
12185
11948
12067
35005
73987
8296
57794
33477
29983
55891
39898
95063
76474
27659
22493
18093
11768
60414
22036
30816
91378
40591
57522
66340
5093
12832
85853
73017
99480
55523
28900
7134
81342
33421
62690
65307
30027
75523
65721
4073
61047
59296
66650
35713
37838
92379
45645
77816
73396
36818
79085
19819
37709
53181
39002
89112
50697
64936
46772
78537
5675
46531
10561
19109
43539
67353
75098
12009
72103
76168
77714
6660
10909
84833
32453
10097
52216
83032
55847
62918
19513
81338
72456
60757
61689
5254
72606
36407
24406
55061
1051
23270
99306
43125
90111
46532
36012
64846
60530
75893
89123
72076
79339
39856
12926
48665
77108
3711
57802
68045
76586
81786
38677
15070
81433
97186
31579
44009
1319
9227
61164
28068
43513
77219
92354
40797
72223
97933
48863
40193
60128
72699
56776
20707
23340
40285
42181
9267
67176
4441
84283
63783
96891
85446
44626
80675
87646
78767
77111
29401
95575
95725
80735
78338
68211
60857
27635
93248
32731
28065
67905
49705
87177
86198
64766
67251
17753
52462
97177
92586
40039
62147
23449
52153
31219
39384
78055
96143
39840
94981
62383
32423
56934
20927
58885
53995
7081
85951
94638
37194
85018
76591
43162
64559
68838
3615
76189
63858
98421
59497
20995
66932
13786
95944
5819
86023
50521
50308
60634
99998
68046
74506
99461
44188
76355
37792
17082
44848
6747
2708
37701
65174
53285
32363
38380
96040
87376
1122
64093
13104
49971
46627
51352
89162
27497
9854
41120
80982
58236
35028
46123
13409
78515
5565
52184
76353
36805
74707
76564
47359
29036
71720
85581
72988
58871
38283
14605
99859
24255
6868
70760
10460
33387
85022
98182
31400
61591
6765
53399
16518
15133
5835
95938
70760
18514
98538
75641
77058
98758
88790
9249
37912
21944
75941
47762
78346
45065
9988
36050
87462
52808
45959
76412
6673
41834
37263
27176
3836
36396
25875
50711
43464
58500
85750
4387
91776
36551
78419
20891
31314
77191
49272
23645
59806
64889
31878
27433
46917
26861
46121
68383
71352
31811
32149
8504
60039
33638
72742
8254
98553
51410
51178
8763
20753
94990
5139
86026
28284
30231
16423
44282
7054
18986
68090
83361
83343
99006
70479
37974
78108
36772
10056
38885
66193
44939
71979
28852
23972
23886
22659
23339
39815
90667
69089
73461
5477
30247
64900
91745
69041
48232
22873
34663
47208
62329
83481
6924
86807
76999
30980
56118
42664
41846
78939
70933
72784
80215
78457
55874
82171
22677
47879
45775
91226
12089
82980
74081
27583
79717
73432
29547
80934
66798
58963
35134
38025
56214
65624
71651
87708
86681
29142
51503
51184
36500
53977
32045
44036
10737
32012
77674
5587
58692
65213
20632
50454
51135
29623
70631
67025
45722
91723
78390
70324
24332
79401
14093
24053
1815
82501
47445
6063
21133
34405
93996
36779
19132
59253
14616
44105
32688
17574
55882
25140
57982
61527
83891
9839
49734
21773
14166
93490
36388
73064
80495
49459
53673
46557
25652
43813
22882
61176
38516
2788
5531
76269
70452
22786
67543
78320
31368
95648
41025
76510
50518
12618
30830
41876
33898
95415
88323
22692
43678
81570
31713
81894
8569
45492
5553
53980
28759
70593
23558
89334
61288
42287
55969
8457
9783
99214
11969
97594
32244
31812
64381
76088
8293
15217
98552
94598
68738
53252
13768
96854
75392
82817
18308
77746
25544
74918
90547
19805
84650
95239
88158
11953
25023
408
24120
16843
18644
17366
76834
54308
51109
52402
62567
84834
59594
77469
17338
45173
60680
10906
81322
63812
6793
30571
74816
61012
60036
38242
18
20988
7143
44531
37721
46983
25689
6639
18186
83047
6398
94927
34525
99624
40311
22026
51874
36074
41332
36110
9191
91870
87946
89960
39423
94064
537
43055
50266
24000
68212
61344
6689
18863
3656
53740
87712
21668
9489
75118
3222
20529
63931
23838
22224
64032
97323
89978
76053
65840
96348
99207
71303
97223
42611
24435
76179
57698
52631
19500
6997
6542
72876
10957
42389
72762
95287
65804
31402
12430
94070
49327
81307
68170
16647
48185
28841
19404
76702
8886
11071
34105
5640
87659
16743
82669
22314
89502
15178
77362
14762
48622
13315
65599
37902
10117
19406
29342
59993
83279
24148
31650
41269
22741
32995
78984
27052
93505
80616
62051
83096
39981
58416
95712
13059
71098
42777
45238
86603
94906
91230
55810
52825
43
68496
83699
78860
40408
75180
31761
88740
68924
77923
62995
19728
9313
26914
34081
3827
91745
12665
86221
1122
86206
45042
97466
16077
42337
18470
30701
58450
28327
2039
44547
62207
17812
98613
26677
53997
52551
72186
98189
56792
78521
65033
74593
15125
42379
75544
8686
22123
93478
10256
38379
19609
41372
14548
81847
33259
93682
55724
75245
25581
15817
41239
9300
83064
68936
89787
30142
24072
85320
53146
90117
60946
48674
72188
60403
32640
34979
54044
57614
64416
69659
15151
87290
61362
99416
7790
32499
92576
86740
96843
79694
66100
23214
5207
44388
68137
97911
55499
8043
65058
3700
7336
56003
28963
94288
29045
60330
15336
34519
60052
58657
29503
82860
21969
85293
34414
24086
84111
42922
39656
26321
8537
66580
5555
31433
87602
23535
94021
64625
23572
55448
87682
44599
52144
40418
52768
48535
2955
88043
3224
96333
34601
59831
47204
24532
21976
98281
33229
4328
35021
25173
79602
4267
59318
87376
11520
96827
67887
26816
79921
6788
17083
27414
23528
41372
29334
67075
71590
78290
22243
13810
16002
19993
22940
89993
56259
30663
72392
82660
24290
22842
41285
72535
73768
28052
62086
45298
66156
77220
45489
29270
23902
95164
31716
56834
73184
378
48019
26255
68789
61898
25587
27339
53560
75752
80512
63005
71717
77380
58608
81026
12925
98359
47132
36678
15726
84293
67391
20625
30302
29050
86156
87885
14169
44405
54337
84839
94194
4743
7866
47429
80002
66750
86750
95400
78289
39492
41220
72037
79560
35491
58464
82870
57376
67762
95051
39795
90525
66757
17576
79432
92608
91580
29329
23670
23957
55140
84329
51587
30117
80702
16648
35141
29915
95637
82142
83106
44346
17773
12313
91016
20688
11329
96500
12775
45681
79790
83269
54389
79836
78506
89611
49749
16869
89723
63246
31159
45104
84154
89317
74849
1564
20372
82168
14815
77977
61514
31998
56230
83627
13352
86565
87271
36150
34845
70871
44632
86302
67561
66220
81924
110
16382
8038
7438
21129
88562
99158
81436
10726
89060
58398
4665
90971
36521
37694
10309
62171
15068
36774
91947
96621
42478
79727
41192
33763
67903
37930
73061
11432
98911
14615
55528
86051
10779
32853
18601
79507
85584
56473
47355
98841
93268
61058
206
85569
99555
67659
71632
3251
28219
80203
60846
91771
95853
7449
13191
85601
94782
25287
95252
81766
6825
49868
88282
1600
83575
2901
57782
80672
11079
46603
70604
46314
81791
74822
49507
68452
27742
69853
75193
25385
69414
77144
14950
89467
21883
42185
61634
33690
82771
50184
48005
55576
51345
75082
636
69928
12089
13019
33214
49666
29046
76552
10943
56636
94654
57376
97923
72091
43554
34971
56748
52621
75851
10935
42047
34407
35938
2309
83948
78243
18115
32237
37847
39477
1609
63002
37808
90065
38779
4088
56383
14487
14960
44405
65489
59968
60360
89968
77053
17507
6604
12731
18241
94374
56510
18089
89862
18704
62381
39184
95250
99880
98094
70795
10698
5811
71042
354
99985
25312
1037
82249
28588
10705
70157
87807
18601
16534
61412
78993
81560
78767
52610
92136
46713
30865
37449
32257
94122
85131
71966
2345
40488
45789
65265
38917
87434
88085
68988
54014
40071
58381
206
35633
93433
79916
98641
22939
5205
39572
39704
49771
51584
5277
55895
50649
78797
69059
41247
46752
34400
27830
29327
42996
53425
37282
91019
42815
76942
71116
48628
4215
79955
4683
25308
62142
58498
77743
63894
65021
92299
1558
2966
14852
43727
7683
15380
81377
77612
20889
72922
71541
72660
4551
32205
50501
28324
64851
28826
66954
69536
22430
72707
45479
75996
55625
13223
14129
67702
74103
29496
94793
99437
50712
82723
5261
22520
64632
38131
15583
65398
26564
99944
22450
14381
64766
63218
39914
75647
20083
97538
25398
91001
70329
85819
63449
53431
5597
21689
76269
26160
42611
44405
36216
83399
56723
61975
74771
41478
79656
29479
28793
45859
62738
95990
97421
97070
91636
59978
559
37177
40487
20627
30994
75451
92358
13394
1541
57598
59522
56025
13653
73777
55379
59877
10891
97145
71828
91267
58578
16877
10271
7825
35927
85414
72515
88930
68129
74024
22904
88752
36535
59693
99020
23627
15836
35260
9041
86832
9530
29750
54897
55739
90448
60798
48652
19044
14840
6787
39136
62793
73159
34150
3360
50437
11961
40130
56140
65436
48212
75506
47492
31216
15089
46116
78791
16163
25155
72787
13102
66936
21370
7663
13106
45923
58495
32074
11600
68782
91487
93763
72073
48850
1788
53165
61187
89792
28638
65426
35066
53060
46023
42293
79774
98759
43673
90988
22656
41895
3979
98640
82945
25476
51872
19708
25961
39021
8438
81258
69715
19696
48558
5096
12148
6330
34844
55729
13055
67756
3830
63125
41808
72306
53208
6541
8483
65818
78090
58704
12571
89073
69777
21335
68067
66791
91196
13270
47102
21369
64106
58527
93296
69407
34692
40979
54028
42737
7914
92663
31324
99373
11887
86996
62579
88784
11189
22768
15239
16142
19369
57048
97371
48689
88617
97071
54262
77262
14170
6055
66759
35551
2874
89348
64612
78161
25221
92431
49582
83039
29614
10987
95392
87257
28522
48348
55750
8442
