41392
210
17321
2363
42154
37691
27265
74218
95819
29833
4888
23349
72775
42831
12891
17678
79336
20457
7878
40265
4799
27304
56381
65481
73039
72971
76809
56055
85697
94656
27549
22395
63649
86287
44575
24490
38109
66509
41413
18755
272
56200
36843
23197
56646
97753
16702
19572
28375
38723
32082
68559
96200
18670
64351
53639
76672
40141
96753
62314
41501
61798
33765
44485
98208
80665
42345
1369
16878
95070
92777
5185
30453
4300
77139
71211
87618
82186
11932
69621
52733
20683
2368
87835
22478
83783
66132
87270
31991
48859
13965
40460
44300
82979
9866
62270
6706
57937
51083
9814
81543
9576
86238
72513
31028
459
17272
96785
95782
28551
90032
87667
60838
13632
42762
35313
71446
76017
76773
16962
43215
65564
32514
241
28958
3008
78523
60269
82743
58993
6974
88980
57434
78240
77856
57308
9058
73374
94183
324
34070
34353
28022
90998
48833
88572
2696
63126
457
62473
69304
86424
82979
57861
61876
34576
81173
72656
9475
89993
43636
2429
44465
53229
10694
46983
79318
80205
17675
17949
69845
9511
47806
6705
67257
33696
91449
67751
16609
61659
32196
96328
42490
72732
78509
73411
17851
50736
51891
57501
86106
40135
55647
426
84315
91315
63731
48284
99917
91034
83433
77240
56213
55443
89272
96957
97212
89111
240
55558
49761
4121
37186
62063
86939
55181
5033
51056
29945
80482
82189
25364
71024
98377
42236
71048
86264
12969
96570
2805
50024
98927
23685
84862
93602
75682
83955
39702
23422
46246
77155
33117
8647
11437
94902
50196
65356
73484
9812
63143
97737
49552
70409
61359
90431
7320
42285
56198
71125
91864
62871
13916
23474
50864
95708
17251
14531
28006
62050
82083
63202
1077
22819
34496
48922
15712
60862
94715
64567
81276
67805
9596
13038
46240
53706
13397
4410
5056
21237
7123
9847
50574
93134
56130
24963
61717
94035
78455
80241
42720
29325
23459
43876
38961
77820
95293
72375
16537
96669
91478
56865
78701
11466
1023
11908
48690
5946
40835
68030
97623
44236
50859
88575
76610
59134
91853
90071
21129
31695
97443
84653
39372
6539
24828
25002
80853
33244
49624
69095
84539
64554
55912
89336
7831
74970
19564
75384
67770
99183
83070
61280
73812
70612
7252
19116
17297
94032
1346
25910
9642
59109
55928
80535
83511
52427
48995
23678
51554
45623
65396
51536
36484
93050
18350
98790
4847
62197
59322
25241
79529
72917
99583
11275
7633
38231
38191
76225
16876
4365
72478
59240
44280
45501
47499
52134
11978
68660
3047
90162
38511
6320
22647
61422
84587
50950
86186
1338
24946
7413
96167
34744
47504
56645
31863
7995
45060
73306
67482
71327
10103
77978
27903
49620
83488
11078
46155
84516
37980
23627
75975
19710
97690
6339
69739
70476
91543
21366
75186
72989
21407
92830
29599
35221
80034
44736
71208
40888
36762
72061
50557
39610
11500
38933
56041
93759
47386
75783
46920
6252
3672
59492
35870
41788
48325
63517
80547
43195
44040
94320
31059
80048
16664
68825
43112
78835
50118
23432
49181
9581
44739
5597
97561
6917
49286
76306
68099
41198
50885
76566
44174
39062
53079
60930
50952
53695
21967
19070
75481
44636
98051
73586
29572
71636
41289
99601
74661
60493
59580
89912
57150
81931
5255
